# XDGMM Model
# n_components  n_iter  tol  method   random_state
7,100,1e-05,astroML,None
# labels
No labels
# weights
0.155157827877,0.376235962683,0.0855322482712,0.0738144516692,0.00620824457333,0.102156888555,0.20089437637
# means
0.000159632196406,-0.151343808912,0.0103961148491,0.220522580572,-0.374297132439,1.41243666773,2.10623687319,2.4201880795,2.71047207246,0.693298445454,1.00784143656,1.29640982308,0.313804443443,0.602934176438,0.288609572762,0.237795346661,0.0710519152961,0.0596331080188,0.0911017805444,0.050478539105
2.81634167738e-05,-0.143319168047,-0.0226363454468,0.387807251799,0.200196049312,1.2826854808,1.92090158914,2.21751821305,2.49115239041,0.638944171746,0.936393580069,1.20602629566,0.295299151686,0.563456328149,0.267989219471,6.95713688688e-06,0.0014875318304,0.00241281231533,0.013313916322,0.00130935698578
0.000206403758765,0.145397985803,0.0819096016578,0.146926576556,-0.110775261454,1.09034123103,1.62328963092,1.84942881992,2.08962092814,0.533176396952,0.758576615063,0.998471795331,0.225240374684,0.465377546252,0.239525618442,6.82102291374,6.20772148294,5.58468516454,5.21116529367,4.94913080278
8.89581281681e-05,0.669371484541,-0.019914200239,0.209257598231,-0.370542428773,1.05657103663,1.56786863946,1.76713735527,2.00640854556,0.515129151364,0.711370363204,0.945789793073,0.19536465379,0.429818361493,0.233084186294,16.138420971,9.69549339474,8.99665689101,8.15516164252,8.94219905364
4.07098002759e-05,-0.220738360482,-0.0324623445298,0.492562265882,0.771376745388,1.32683890508,1.92898507974,2.12534552811,2.35791314661,0.59361569116,0.792395111112,1.03032401198,0.192723447269,0.429585384425,0.231902361243,14.0463657206,4.00677252008,1.47329305296,2.6592125143,9.42672055238
2.56477079998e-05,0.238187713187,0.0581653802689,0.316225725202,-0.404625701804,1.02561134527,1.55992441761,1.77136649077,2.01763336947,0.531787223625,0.745466855571,0.989343871421,0.213405820427,0.454418447192,0.241444871405,15.5058328719,10.8218489047,10.0013516685,8.08818995344,7.8919027315
3.36053903673e-05,0.121030182144,-0.00948883865891,0.319104198879,0.0745696664246,1.04833877669,1.59255980053,1.83829062794,2.10144928133,0.544406948717,0.790899093382,1.05237541662,0.245483347298,0.504615344441,0.259235451196,3.79304685425,3.42243520087,2.92438131182,2.51311802359,2.59785166604
# covars
6.5931782873e-08,-8.42817196227e-06,-1.16153565599e-06,-1.58473709425e-05,1.80999659497e-05,-5.43959362945e-06,-1.16307820143e-05,-1.64070905432e-05,-1.96944793972e-05,-6.11849151526e-06,-1.09338366799e-05,-1.42586578e-05,-4.65987446386e-06,-8.10859682693e-06,-3.48059417683e-06,-2.83227214406e-05,-9.5549007807e-07,-9.32112634109e-07,6.3989224904e-06,-1.00553597892e-06
-8.42817196227e-06,1.18401375267,-0.0220360084739,0.0457663036286,-0.0291693506244,-0.156826376835,-0.225907072855,-0.271228526151,-0.292023589442,-0.0689278375884,-0.114289088258,-0.134963123229,-0.0457174466204,-0.0661824841806,-0.0208432248335,-0.0357874253468,-0.0042612009367,-0.00253378269784,0.0317064487728,-0.00270514183534
-1.16153565599e-06,-0.0220360084739,0.0177711908701,-0.00278237667378,-0.00854943173561,0.00777554236175,0.012255235536,0.0151966953845,0.0173766604928,0.00448139461641,0.00747917620566,0.00955975933647,0.00300603995966,0.00506899212465,0.00208653971158,-0.00577275220566,0.000192138957085,0.000241263331471,-0.00286536222824,0.000218760370385
-1.58473709425e-05,0.0457663036286,-0.00278237667378,0.0146295414385,-0.0212467127413,0.00461811354301,0.00886336468924,0.0116110558186,0.0132118957389,0.00412657322374,0.00693189418857,0.00865649165539,0.00265301130765,0.00454578049492,0.00189723541671,0.0163659846386,0.00117084539485,0.00115799269878,-0.00364037323765,0.00110011882944
1.80999659497e-05,-0.0291693506244,-0.00854943173561,-0.0212467127413,0.262678316384,-0.0486809748317,-0.0763588384828,-0.0908985856225,-0.100762500794,-0.027322774502,-0.0420398261355,-0.0521261265098,-0.014745647506,-0.0250965757409,-0.0104267619908,-0.0349633151586,-0.0251354694585,-0.0208554243512,-0.000269228868652,-0.0181670872353
-5.43959362945e-06,-0.156826376835,0.00777554236175,0.00461811354301,-0.0486809748317,0.0978668151183,0.144980479237,0.175446675682,0.190158891667,0.0471619384049,0.0772764602055,0.0930951776491,0.0300183373118,0.0460918532465,0.0163237259957,0.0122017634845,0.00296386724255,0.00240061863516,-0.015430711747,0.0024691402157
-1.16307820143e-05,-0.225907072855,0.012255235536,0.00886336468924,-0.0763588384828,0.144980479237,0.21706880256,0.264102159331,0.287857722073,0.0720008997064,0.118600914831,0.143933961871,0.0464257441333,0.0721470623547,0.0260987926976,0.026715218723,0.00520044779514,0.00420093051465,-0.0241710578617,0.0042148525003
-1.64070905432e-05,-0.271228526151,0.0151966953845,0.0116110558186,-0.0908985856225,0.175446675682,0.264102159331,0.322893909301,0.352956810602,0.0886433379607,0.146766757094,0.178794513878,0.0578750050861,0.0903804548722,0.032977326416,0.03873021182,0.00615406385195,0.00495246041108,-0.0304088083457,0.00499978799052
-1.96944793972e-05,-0.292023589442,0.0173766604928,0.0132118957389,-0.100762500794,0.190158891667,0.287857722073,0.352956810602,0.387254825895,0.0976825656321,0.162146635251,0.198374891956,0.0641838616819,0.10092523709,0.0372562500256,0.047834206847,0.00736045556733,0.00590069272003,-0.0337910499443,0.00586965102612
-6.11849151526e-06,-0.0689278375884,0.00448139461641,0.00412657322374,-0.027322774502,0.0471619384049,0.0720008997064,0.0886433379607,0.0976825656321,0.0248300756778,0.0413248112778,0.0508386716432,0.0164189910042,0.0260653786409,0.00977437070197,0.01442963099,0.00217894965779,0.00175156862123,-0.00871839296102,0.00170383265465
-1.09338366799e-05,-0.114289088258,0.00747917620566,0.00693189418857,-0.0420398261355,0.0772764602055,0.118600914831,0.146766757094,0.162146635251,0.0413248112778,0.069239966991,0.0854081530338,0.0277614613858,0.0441531690911,0.0166125051923,0.0265656771274,0.00318077258636,0.00254348272567,-0.0149380419338,0.00252147164132
-1.42586578e-05,-0.134963123229,0.00955975933647,0.00865649165539,-0.0521261265098,0.0930951776491,0.143933961871,0.178794513878,0.198374891956,0.0508386716432,0.0854081530338,0.105902825711,0.0343825675577,0.0551340909643,0.0210191089761,0.035599945645,0.00434585606897,0.00345971603332,-0.01844898581,0.00337080133838
-4.65987446386e-06,-0.0457174466204,0.00300603995966,0.00265301130765,-0.014745647506,0.0300183373118,0.0464257441333,0.0578750050861,0.0641838616819,0.0164189910042,0.0277614613858,0.0343825675577,0.0112738850525,0.0179798387001,0.00679949256624,0.0118659869543,0.001042922691,0.00082308091086,-0.00614103770227,0.000842499020845
-8.10859682693e-06,-0.0661824841806,0.00506899212465,0.00454578049492,-0.0250965757409,0.0460918532465,0.0721470623547,0.0903804548722,0.10092523709,0.0260653786409,0.0441531690911,0.0551340909643,0.0179798387001,0.0290948932342,0.0112503194076,0.021106874485,0.00223035245546,0.00175954854583,-0.00971915085218,0.00171170255535
-3.48059417683e-06,-0.0208432248335,0.00208653971158,0.00189723541671,-0.0104267619908,0.0163237259957,0.0260987926976,0.032977326416,0.0372562500256,0.00977437070197,0.0166125051923,0.0210191089761,0.00679949256624,0.0112503194076,0.00450345847988,0.009320867519,0.0011665989611,0.000919635111917,-0.00362870766376,0.000856034736659
-2.83227214406e-05,-0.0357874253468,-0.00577275220566,0.0163659846386,-0.0349633151586,0.0122017634845,0.026715218723,0.03873021182,0.047834206847,0.01442963099,0.0265656771274,0.035599945645,0.0118659869543,0.021106874485,0.009320867519,0.211951650523,-0.000378056068139,-0.000988399314964,-0.0101004377273,-0.00042165940035
-9.5549007807e-07,-0.0042612009367,0.000192138957085,0.00117084539485,-0.0251354694585,0.00296386724255,0.00520044779514,0.00615406385196,0.00736045556733,0.00217894965779,0.00318077258636,0.00434585606897,0.001042922691,0.00223035245546,0.0011665989611,-0.000378056068139,0.00751499056446,0.00604225942401,0.0014058376393,0.00521610991061
-9.32112634109e-07,-0.00253378269784,0.000241263331471,0.00115799269878,-0.0208554243512,0.00240061863516,0.00420093051465,0.00495246041108,0.00590069272003,0.00175156862123,0.00254348272567,0.00345971603332,0.00082308091086,0.00175954854583,0.000919635111917,-0.000988399314964,0.00604225942401,0.00486902710043,0.00109868650618,0.00420292595731
6.3989224904e-06,0.0317064487728,-0.00286536222824,-0.00364037323765,-0.000269228868651,-0.015430711747,-0.0241710578617,-0.0304088083457,-0.0337910499443,-0.00871839296102,-0.0149380419338,-0.01844898581,-0.00614103770227,-0.00971915085218,-0.00362870766376,-0.0101004377273,0.0014058376393,0.00109868650618,0.020412151991,0.0008584820919
-1.00553597892e-06,-0.00270514183534,0.000218760370385,0.00110011882944,-0.0181670872353,0.0024691402157,0.0042148525003,0.00499978799052,0.00586965102612,0.00170383265465,0.00252147164132,0.00337080133838,0.000842499020846,0.00171170255535,0.000856034736659,-0.00042165940035,0.00521610991061,0.00420292595731,0.0008584820919,0.00363239080775
#
4.02233705293e-10,-3.82665091222e-06,-1.54159913309e-07,-2.42961810404e-06,-9.15268571856e-07,6.06128270576e-07,7.64932297906e-07,5.75258537896e-07,6.48327422495e-07,1.46313915911e-07,-3.50337102846e-08,2.78745729289e-08,-1.39602782073e-07,-7.43171512303e-08,4.91532830017e-08,2.54436795816e-10,8.11171703184e-09,4.42095910301e-09,-6.41131899188e-08,2.30503097252e-09
-3.82665091222e-06,1.00589829208,0.00686374318878,0.0432980314442,0.0275171292623,-0.153430736809,-0.229158041647,-0.273733479517,-0.300104359429,-0.0759776867538,-0.120422413501,-0.146305372031,-0.0444429295141,-0.0706659304473,-0.027030733604,-3.55100777899e-06,0.000147394739778,0.000105743640068,0.001309151455,6.53522292243e-05
-1.54159913309e-07,0.00686374318878,0.0102722691758,-0.00292199782524,-0.000722675830542,0.00326344491696,0.00449720910404,0.00537829540988,0.00586183473855,0.00128565577105,0.00209710922494,0.00264473684205,0.000794439302386,0.0013228772795,0.000531906496987,-8.114170272e-09,3.56030402294e-05,1.76702449136e-05,0.000181449556543,1.18158939208e-05
-2.42961810404e-06,0.0432980314442,-0.00292199782524,0.0287187459019,0.0223056276245,-0.00803656344364,-0.011339196772,-0.0106493940489,-0.0127113731983,-0.00341431165598,-0.00271265698339,-0.00468500059439,0.000340643884626,-0.00156569682237,-0.00179035779157,-1.12921961625e-06,-6.4798446688e-05,-9.20413726871e-05,0.00028150405738,-4.9952682961e-05
-9.15268571856e-07,0.0275171292623,-0.000722675830542,0.0223056276245,0.18430115907,-0.0543881234035,-0.0778850942211,-0.0924149257401,-0.100318432378,-0.024115962691,-0.0381481268825,-0.0475086984119,-0.0138697292832,-0.023003255633,-0.00953133863674,-2.24264261297e-07,-0.000331457374562,-0.000735830440506,-0.00163009570815,-0.000412699320602
6.06128270576e-07,-0.153430736809,0.00326344491696,-0.00803656344364,-0.0543881234035,0.158500302135,0.240317562984,0.293914795081,0.324612750422,0.0824466428939,0.135576797123,0.16661943287,0.0526232810655,0.083942543671,0.0322958339227,5.32800491062e-07,0.000124819336281,0.000132447458949,-0.00163185275125,8.18318651271e-05
7.64932297906e-07,-0.229158041647,0.00449720910404,-0.011339196772,-0.0778850942211,0.240317562984,0.368079331747,0.451959722694,0.500881611461,0.12783281871,0.211270447875,0.260668532457,0.0825487999187,0.132354375628,0.0513394754217,7.33972659016e-07,0.00019115237256,0.000175119105728,-0.00256941076532,0.000109722292314
5.75258537896e-07,-0.273733479517,0.00537829540988,-0.0106493940489,-0.0924149257401,0.293914795081,0.451959722694,0.558786816712,0.620289033995,0.158737057725,0.263977992686,0.326557952319,0.103944855167,0.167009595538,0.0650260499122,7.95427137117e-07,0.000239778125809,0.000191028686543,-0.00314067453379,0.000121237044188
6.48327422495e-07,-0.300104359429,0.00586183473855,-0.0127113731983,-0.100318432378,0.324612750422,0.500881611461,0.620289033995,0.690756241875,0.177095063908,0.29509843166,0.365868484971,0.116505632817,0.187794116814,0.0734831540679,8.80029533952e-07,0.000271570942523,0.000199743185614,-0.0035290604941,0.000127537317318
1.46313915911e-07,-0.0759776867538,0.00128565577105,-0.00341431165598,-0.024115962691,0.0824466428939,0.12783281871,0.158737057725,0.177095063908,0.0456368601987,0.0761475125308,0.0946600040931,0.0301360965958,0.048778186386,0.0192051343072,1.95007718765e-07,6.81709136675e-05,4.43538516613e-05,-0.000930073967865,2.88178253782e-05
-3.50337102846e-08,-0.120422413501,0.00209710922494,-0.00271265698339,-0.0381481268825,0.135576797123,0.211270447875,0.263977992686,0.29509843166,0.0761475125308,0.128159266796,0.159609993981,0.0512077795076,0.0828846361034,0.0326607681081,2.54533618017e-07,0.000114300451959,5.91206755213e-05,-0.00150255860144,3.967826244e-05
2.78745729289e-08,-0.146305372031,0.00264473684205,-0.00468500059439,-0.0475086984119,0.16661943287,0.260668532457,0.326557952319,0.365868484971,0.0946600040931,0.159609993981,0.199397507102,0.0639473391481,0.103935066086,0.0412129807877,3.4734826983e-07,0.000150049363867,7.26541986822e-05,-0.00187379716958,4.86593931019e-05
-1.39602782073e-07,-0.0444429295141,0.000794439302386,0.000340643884626,-0.0138697292832,0.0526232810655,0.0825487999187,0.103944855167,0.116505632817,0.0301360965958,0.0512077795076,0.0639473391481,0.0207097281044,0.0335183961187,0.0132269034909,7.18143127567e-08,4.56029153308e-05,1.55244955529e-05,-0.000575036080342,1.12632387698e-05
-7.43171512303e-08,-0.0706659304473,0.0013228772795,-0.00156569682237,-0.023003255633,0.083942543671,0.132354375628,0.167009595538,0.187794116814,0.048778186386,0.0828846361034,0.103935066086,0.0335183961187,0.0547083485746,0.0218149530439,1.67632958889e-07,8.07196523699e-05,2.81248910728e-05,-0.00095329026394,1.97471043737e-05
4.91532830017e-08,-0.027030733604,0.000531906496987,-0.00179035779157,-0.00953133863674,0.0322958339227,0.0513394754217,0.0650260499122,0.0734831540679,0.0192051343072,0.0326607681081,0.0412129807877,0.0132269034909,0.0218149530439,0.00886651896538,9.22278567139e-08,3.60668589248e-05,1.30812195623e-05,-0.000384226914135,8.79062094572e-06
2.54436795816e-10,-3.55100777899e-06,-8.114170272e-09,-1.12921961625e-06,-2.24264261297e-07,5.32800491062e-07,7.33972659016e-07,7.95427137117e-07,8.80029533952e-07,1.95007718765e-07,2.54533618017e-07,3.4734826983e-07,7.18143127567e-08,1.67632958889e-07,9.22278567139e-08,2.92315481782e-10,5.23987889943e-09,5.6847757985e-10,-3.73226439968e-08,2.38404352257e-10
8.11171703184e-09,0.000147394739778,3.56030402294e-05,-6.4798446688e-05,-0.000331457374562,0.000124819336281,0.00019115237256,0.000239778125809,0.000271570942523,6.81709136675e-05,0.000114300451959,0.000150049363867,4.56029153308e-05,8.07196523699e-05,3.60668589248e-05,5.23987889943e-09,3.47965565745e-06,1.92131317167e-06,1.42768689965e-06,1.09489820443e-06
4.42095910301e-09,0.000105743640068,1.76702449136e-05,-9.20413726871e-05,-0.000735830440506,0.000132447458949,0.000175119105728,0.000191028686543,0.000199743185614,4.43538516613e-05,5.91206755213e-05,7.26541986822e-05,1.55244955529e-05,2.81248910728e-05,1.30812195623e-05,5.6847757985e-10,1.92131317167e-06,3.58074887445e-06,7.73193965933e-06,2.03110361679e-06
-6.41131899188e-08,0.001309151455,0.000181449556543,0.00028150405738,-0.00163009570815,-0.00163185275125,-0.00256941076532,-0.00314067453379,-0.0035290604941,-0.000930073967865,-0.00150255860144,-0.00187379716958,-0.000575036080342,-0.00095329026394,-0.000384226914135,-3.73226439968e-08,1.42768689965e-06,7.73193965933e-06,0.0013782836984,4.28224676778e-06
2.30503097252e-09,6.53522292243e-05,1.18158939208e-05,-4.9952682961e-05,-0.000412699320602,8.18318651271e-05,0.000109722292314,0.000121237044188,0.000127537317318,2.88178253782e-05,3.967826244e-05,4.86593931019e-05,1.12632387698e-05,1.97471043737e-05,8.79062094572e-06,2.38404352257e-10,1.09489820443e-06,2.03110361679e-06,4.28224676778e-06,1.15677941591e-06
#
8.37585361112e-08,1.87080050116e-05,-9.92815787404e-06,-8.89893831141e-06,-2.21557431448e-05,9.16998259422e-06,1.46830577999e-05,1.94082767181e-05,2.14445904505e-05,5.5181669727e-06,1.02612953368e-05,1.23965425997e-05,4.73892466847e-06,6.85901647355e-06,2.21098905942e-06,0.000318795533238,0.000303730807661,0.000295755602595,0.000307738560639,0.000282192527755
1.87080050116e-05,1.09225665799,-0.00906398240167,-0.00171145018861,0.0886655320095,-0.0561959483987,-0.0763487517457,-0.0871605435448,-0.0890200467552,-0.0204481586554,-0.0307793979004,-0.0337420495979,-0.010067404518,-0.0131161113776,-0.00347185623066,-1.12453114985,-1.28309319458,-1.17474805436,-0.987364484893,-1.08907316735
-9.92815787404e-06,-0.00906398240167,0.0346306442859,-0.00301059951586,-0.000379784479057,0.00383562505412,0.00472995835184,0.00541882143532,0.00471300141364,0.000886844610023,0.00164362506136,0.000968996600546,0.000778717246447,6.0153313191e-05,-0.000700924731326,0.0683793091255,0.00412903407815,0.0127610147899,0.0182438276353,0.0249320989635
-8.89893831141e-06,-0.00171145018861,-0.00301059951586,0.00219450294135,0.00478343383335,-0.00182220335036,-0.00247574187139,-0.00311642128176,-0.00303561013709,-0.000657709141403,-0.0012953170141,-0.00126845299624,-0.000629788999627,-0.000605170227203,8.3513058967e-07,-0.0773398542122,-0.0675584088666,-0.0633966611137,-0.0637642720719,-0.0578216763152
-2.21557431448e-05,0.0886655320095,-0.000379784479057,0.00478343383335,0.0974340339527,0.00475324859256,0.010638182465,0.0127321532172,0.0177717985032,0.00567411843018,0.00800896697556,0.0125380572374,0.00253506254089,0.00705875183748,0.00433089618599,-1.51682795281,-1.38072723657,-1.33423454221,-1.26140347187,-1.20475550165
9.16998259422e-06,-0.0561959483987,0.00383562505412,-0.00182220335036,0.00475324859256,0.0542639438867,0.0858983933783,0.105793173933,0.119588844482,0.0317504546422,0.0517050584208,0.0655078283108,0.0199433941869,0.0337761852436,0.0139242173166,-0.000153114905443,-0.00752207844341,-0.0538610153439,-0.0749527791522,-0.107452180819
1.46830577999e-05,-0.0763487517457,0.00472995835184,-0.00247574187139,0.010638182465,0.0858983933783,0.138621855084,0.172270660796,0.196365721137,0.052724227905,0.0865450908912,0.110636975434,0.0338010839878,0.0579177693026,0.024272406316,-0.0276431986278,-0.0480207119608,-0.120516349072,-0.1566987637,-0.211007811733
1.94082767181e-05,-0.0871605435448,0.00541882143532,-0.00311642128176,0.0127321532172,0.105793173933,0.172270660796,0.215551965204,0.246611498234,0.0665890863531,0.109909221491,0.141044415122,0.0432891353282,0.0744347112316,0.0313545454888,-0.0138320182577,-0.0493081076913,-0.139021122335,-0.187014794756,-0.256963102705
2.14445904505e-05,-0.0890200467552,0.00471300141364,-0.00303561013709,0.0177717985032,0.119588844482,0.196365721137,0.246611498234,0.283470425636,0.0769074967619,0.127286570931,0.164040552068,0.0503451048967,0.08709752705,0.0369909502422,-0.0547731483564,-0.0982479588355,-0.198587974123,-0.253925759523,-0.334517012073
5.5181669727e-06,-0.0204481586554,0.000886844610023,-0.000657709141403,0.00567411843018,0.0317504546422,0.052724227905,0.0665890863531,0.0769074967619,0.0210150727708,0.034912402933,0.045221696775,0.0138919657219,0.0241957146311,0.0103688163054,-0.0240809226708,-0.0374823624459,-0.0637791212023,-0.0791141991846,-0.101083600138
1.02612953368e-05,-0.0307793979004,0.00164362506136,-0.0012953170141,0.00800896697556,0.0517050584209,0.0865450908912,0.109909221491,0.127286570931,0.034912402933,0.0583365791539,0.0757016299886,0.0234006913205,0.0407493772872,0.0174665705666,-0.0138690258606,-0.0422406578163,-0.0855874672634,-0.112470230561,-0.149958913378
1.23965425997e-05,-0.0337420495979,0.000968996600546,-0.00126845299624,0.0125380572374,0.0655078283108,0.110636975434,0.141044415122,0.164040552068,0.045221696775,0.0757016299886,0.0986912129381,0.0304558666154,0.0534024300058,0.0230953672598,-0.0466277557004,-0.0835305998146,-0.138001769995,-0.172775649419,-0.221262511335
4.73892466847e-06,-0.010067404518,0.000778717246447,-0.000629788999627,0.00253506254089,0.0199433941869,0.0338010839878,0.0432891353282,0.0503451048967,0.0138919657219,0.0234006913205,0.0304558666154,0.00950188227389,0.0165392902603,0.00709255121087,0.00700608094729,-0.0077073079767,-0.024590528107,-0.035915426268,-0.0512721970634
6.85901647355e-06,-0.0131161113776,6.0153313191e-05,-0.000605170227203,0.00705875183748,0.0337761852436,0.0579177693026,0.0744347112316,0.08709752705,0.0241957146311,0.0407493772872,0.0534024300058,0.0165392902603,0.0291778295674,0.0127110389602,-0.0257316850661,-0.0487284361747,-0.0768805860966,-0.096120125597,-0.12253265684
2.21098905942e-06,-0.00347185623066,-0.000700924731326,8.35130589667e-07,0.00433089618599,0.0139242173166,0.024272406316,0.0313545454888,0.0369909502422,0.0103688163054,0.0174665705666,0.0230953672598,0.00709255121087,0.0127110389602,0.00566067308245,-0.0295542164513,-0.0381745464007,-0.049636144352,-0.0577858518031,-0.0690155770368
0.000318795533238,-1.12453114985,0.0683793091255,-0.0773398542122,-1.51682795281,-0.000153114905447,-0.0276431986278,-0.0138320182577,-0.0547731483564,-0.0240809226708,-0.0138690258606,-0.0466277557004,0.00700608094729,-0.0257316850661,-0.0295542164513,24.3295846792,21.7781630236,20.9773936472,19.7682450796,18.7454480414
0.000303730807661,-1.28309319458,0.00412903407815,-0.0675584088666,-1.38072723657,-0.00752207844342,-0.0480207119608,-0.0493081076913,-0.0982479588355,-0.0374823624459,-0.0422406578163,-0.0835305998146,-0.0077073079767,-0.0487284361747,-0.0381745464007,21.7781630236,19.8012257148,19.0386514205,17.9294898835,17.0544954983
0.000295755602595,-1.17474805436,0.0127610147899,-0.0633966611137,-1.33423454221,-0.0538610153439,-0.120516349072,-0.139021122335,-0.198587974123,-0.0637791212023,-0.0855874672634,-0.138001769995,-0.024590528107,-0.0768805860966,-0.049636144352,20.9773936472,19.0386514205,18.3839160568,17.3509571524,16.5527084564
0.000307738560639,-0.987364484893,0.0182438276353,-0.0637642720719,-1.26140347187,-0.0749527791522,-0.1566987637,-0.187014794756,-0.253925759523,-0.0791141991846,-0.112470230561,-0.172775649419,-0.035915426268,-0.096120125597,-0.0577858518031,19.7682450796,17.9294898835,17.3509571524,16.4373868519,15.6859594143
0.000282192527755,-1.08907316735,0.0249320989635,-0.0578216763152,-1.20475550165,-0.107452180819,-0.211007811733,-0.256963102705,-0.334517012073,-0.101083600138,-0.149958913378,-0.221262511335,-0.0512721970634,-0.12253265684,-0.0690155770368,18.7454480414,17.0544954983,16.5527084564,15.6859594143,15.0649278079
#
2.21038934695e-09,8.03192618566e-06,-8.86010566163e-07,-1.43602283743e-06,-1.89210655135e-07,-2.26773559839e-06,-3.8528415542e-06,-4.31356901476e-06,-5.31160800892e-06,-1.54609541699e-06,-2.04723719646e-06,-3.08644839291e-06,-5.02839354982e-07,-1.51290205987e-06,-1.0470008286e-06,-5.56691629904e-05,-1.01151501761e-06,-7.06428617392e-06,2.08423037518e-06,-1.40984171383e-05
8.03192618566e-06,0.679573205398,0.00743972943748,-0.00026381479871,-0.0763010240848,-0.0181502063013,-0.0316417268435,-0.0349164652342,-0.0447850975222,-0.0130857969334,-0.0160940562135,-0.0262673735491,-0.00369771575761,-0.0137979071034,-0.00992038226556,-0.599885430861,0.733213717822,0.643745830813,0.811433132861,0.514525593115
-8.86010566163e-07,0.00743972943748,0.00383991515382,-0.000398598774395,-0.00786752167404,0.00471931477976,0.00881006490943,0.0123438148841,0.0149957178996,0.00406031835415,0.00763801683767,0.010304632286,0.00354412204519,0.00615854388175,0.00268260763,0.00238321200253,0.103885079349,0.0980764416992,0.0786785547053,0.101077640194
-1.43602283743e-06,-0.00026381479871,-0.000398598774395,0.00146127701119,3.94805544826e-05,0.00162710789172,0.00271301224075,0.0030342307933,0.00346841588249,0.00109510888578,0.00146990209167,0.00187001341981,0.000376492785889,0.000764949284809,0.000413003805572,0.0839439447912,-0.0020438996747,0.00405901643535,0.00252349545681,-0.0120603324595
-1.89210655135e-07,-0.0763010240848,-0.00786752167404,3.94805544826e-05,0.161319333444,0.000905111434307,0.000955489695617,-0.000985188236998,0.000226225298885,0.000238552993455,-0.00169108486413,-0.00113270210448,-0.00190674812038,-0.00146918315731,0.000473474067745,-0.351412077316,-1.89652629203,-1.96474542047,-1.89139356848,-1.88611652274
-2.26773559839e-06,-0.0181502063013,0.00471931477976,0.00162710789172,0.000905111434307,0.0393129212711,0.064832299689,0.0830469247684,0.0952564760814,0.0261814282518,0.0448564816769,0.0563932072338,0.0187775811319,0.0301344358933,0.0114992043713,1.01131476739,0.0226073288,0.00964832758819,-0.0164622862987,-0.246185082167
-3.8528415542e-06,-0.0316417268435,0.00881006490943,0.00271301224075,0.000955489695617,0.064832299689,0.111911299503,0.147244467088,0.170481803138,0.047388905616,0.0839225317771,0.105743420086,0.0366090900451,0.0580805157185,0.0218563168338,1.61671401746,0.0545069106016,0.0291036809467,-0.036228038938,-0.422172599755
-4.31356901476e-06,-0.0349164652342,0.0123438148841,0.0030342307933,-0.000985188236998,0.0830469247684,0.147244467088,0.199660934314,0.232291019362,0.065077833653,0.118436689154,0.149226300491,0.0533384198074,0.0836373233702,0.0309501037731,1.98616807586,0.104944068232,0.0658542333309,-0.0400941367556,-0.550918398957
-5.31160800892e-06,-0.0447850975222,0.0149957178996,0.00346841588249,0.000226225298885,0.0952564760814,0.170481803138,0.232291019362,0.271854430502,0.0762279909959,0.139525745123,0.17615032841,0.0632383864901,0.0992719792333,0.0368430411689,2.24092160757,0.113393390657,0.0652334729639,-0.0678391682884,-0.639578723385
-1.54609541699e-06,-0.0130857969334,0.00406031835415,0.00109510888578,0.000238552993455,0.0261814282518,0.047388905616,0.065077833653,0.0762279909959,0.0215192099706,0.039616105922,0.0500096348295,0.0180917292514,0.0283184379351,0.0104691535317,0.617112995316,0.0300883726939,0.017174014336,-0.0220070499979,-0.182679587499
-2.04723719646e-06,-0.0160940562135,0.00763801683767,0.00146990209167,-0.00169108486413,0.0448564816769,0.0839225317771,0.118436689154,0.139525745123,0.039616105922,0.074980790151,0.0945228626017,0.0352157809426,0.0544669846663,0.0197737116116,0.998274593967,0.0804457359252,0.0538527113418,-0.0265928635527,-0.316215417327
-3.08644839291e-06,-0.0262673735491,0.010304632286,0.00187001341981,-0.00113270210447,0.0563932072338,0.105743420086,0.149226300491,0.17615032841,0.0500096348295,0.0945228626017,0.119648909124,0.0443543653881,0.0689876619578,0.0252977616446,1.23461758849,0.0958154599457,0.0609477807602,-0.045723904804,-0.388009934701
-5.02839354982e-07,-0.00369771575761,0.00354412204519,0.000376492785889,-0.00190674812038,0.0187775811319,0.0366090900451,0.0533384198074,0.0632383864901,0.0180917292514,0.0352157809426,0.0443543653881,0.0170474294109,0.0260224999724,0.00926725789148,0.387900722846,0.0502252907203,0.0366907193532,-0.00419813037587,-0.133507042036
-1.51290205987e-06,-0.0137979071034,0.00615854388175,0.000764949284809,-0.00146918315731,0.0301344358933,0.0580805157185,0.0836373233702,0.0992719792333,0.0283184379351,0.0544669846663,0.0689876619578,0.0260224999724,0.0403815189946,0.0146978932652,0.621857597516,0.0668883862038,0.0451839637633,-0.0215621514847,-0.202940717258
-1.0470008286e-06,-0.00992038226556,0.00268260763,0.000413003805572,0.000473474067745,0.0114992043713,0.0218563168338,0.0309501037731,0.0368430411689,0.0104691535317,0.0197737116116,0.0252977616446,0.00926725789148,0.0146978932652,0.00565417626511,0.231748182556,0.0160069196405,0.00790171659701,-0.0188402056897,-0.0717905824995
-5.56691629904e-05,-0.599885430861,0.00238321200253,0.0839439447912,-0.351412077316,1.01131476739,1.61671401746,1.98616807586,2.24092160757,0.617112995316,0.998274593967,1.23461758849,0.387900722846,0.621857597516,0.231748182556,46.9090739412,5.85304673252,5.69766689344,5.74032402958,-1.92239050752
-1.01151501761e-06,0.733213717822,0.103885079349,-0.0020438996747,-1.89652629203,0.0226073288,0.0545069106016,0.104944068232,0.113393390657,0.0300883726939,0.0804457359252,0.0958154599457,0.0502252907203,0.0668883862038,0.0160069196405,5.85304673252,23.0078134434,23.5105594428,22.4453761514,22.4478059719
-7.06428617392e-06,0.643745830813,0.0980764416992,0.00405901643535,-1.96474542047,0.00964832758819,0.0291036809467,0.0658542333309,0.0652334729639,0.017174014336,0.0538527113418,0.0609477807602,0.0366907193532,0.0451839637633,0.00790171659701,5.69766689344,23.5105594428,24.2761461312,23.2049286836,23.2626421857
2.08423037518e-06,0.811433132861,0.0786785547053,0.00252349545681,-1.89139356848,-0.0164622862987,-0.036228038938,-0.0400941367556,-0.0678391682884,-0.0220070499979,-0.0265928635527,-0.045723904804,-0.00419813037587,-0.0215621514847,-0.0188402056897,5.74032402958,22.4453761514,23.2049286836,22.5618676303,22.3700697222
-1.40984171383e-05,0.514525593115,0.101077640194,-0.0120603324595,-1.88611652274,-0.246185082167,-0.422172599755,-0.550918398957,-0.639578723385,-0.182679587499,-0.316215417327,-0.388009934701,-0.133507042036,-0.202940717258,-0.0717905824995,-1.92239050752,22.4478059719,23.2626421857,22.3700697222,25.3272664565
#
4.01408349093e-09,2.07529135544e-05,-1.41310563406e-06,-1.04992136905e-05,-8.56277963169e-06,-1.24559328716e-05,-1.91038278066e-05,-2.45768293688e-05,-2.66724091085e-05,-6.43789497378e-06,-1.21925627285e-05,-1.40892997537e-05,-5.40105533146e-06,-7.48552079126e-06,-2.01198851532e-06,7.51121557881e-05,9.3476978587e-05,-4.95097203727e-05,5.25288845487e-06,2.77793806567e-05
2.07529135544e-05,0.135834046851,-0.00456839707515,-0.0602719793885,-0.0262552499751,-0.104015166883,-0.174583307551,-0.229803525646,-0.260448900132,-0.0695143308564,-0.125410853419,-0.155848895948,-0.0548886576358,-0.0847048236008,-0.0300812491008,-0.164447518023,0.265188176172,-0.376307485545,-0.133516911268,0.951746049012
-1.41310563404e-06,-0.0045683970752,0.00666538281609,0.0024301521791,-0.0357983430329,-0.0112892213156,-0.0228073462515,-0.0290962153356,-0.0355415880539,-0.0115946096783,-0.0175723094721,-0.0241521959716,-0.00625348678343,-0.0126977542077,-0.00641033002425,0.267123149361,0.250718147663,0.168175518138,0.0586891373815,0.395916579144
-1.04992136905e-05,-0.0602719793886,0.00243015217916,0.0336260552885,0.0358340181441,0.0453359389974,0.0771918994984,0.101850762776,0.114827267166,0.0310941085735,0.0563042257359,0.0692604784282,0.0242044257605,0.0373764198841,0.0128186856936,-0.879340636167,-0.247495798408,0.114051164075,0.0423204331333,-0.0181360525044
-8.56277963177e-06,-0.0262552499749,-0.0357983430326,0.0358340181446,0.343189999731,0.0904668023071,0.167238767354,0.210514903506,0.245476596747,0.0757204191608,0.11915469071,0.153915289567,0.0419592646147,0.0788709736315,0.0347562994292,-4.89741860342,-2.47767414645,-1.14964805998,-0.559232873257,-1.10298395694
-1.24559328716e-05,-0.104015166883,-0.0112892213155,0.0453359389974,0.0904668023065,0.12191661421,0.216907918557,0.285185409014,0.331768223118,0.0950242953548,0.162974515806,0.210219678154,0.0680246129122,0.113761660587,0.0460706031072,-0.621576269621,-0.604525786733,-0.0172208153418,0.0755291502791,-1.71682436773
-1.91038278066e-05,-0.174583307551,-0.0228073462512,0.0771918994985,0.167238767353,0.216907918557,0.395954568124,0.521415599803,0.609372368654,0.176665420121,0.301935585954,0.391613156196,0.12564480161,0.212233398513,0.0870977169166,-1.52419909664,-1.03051723324,-0.0914709367068,0.175291340963,-3.07114945739
-2.45768293688e-05,-0.229803525645,-0.0290962153354,0.101850762776,0.210514903505,0.285185409014,0.521415599802,0.690771141734,0.80676591227,0.234331512063,0.401044176435,0.520517834757,0.16719525267,0.282479339942,0.115857709968,-2.05277488001,-1.25043536886,-0.081412018264,0.274903968718,-3.97656026652
-2.66724091085e-05,-0.260448900132,-0.0355415880535,0.114827267166,0.245476596745,0.331768223118,0.609372368654,0.806765912271,0.945937957675,0.275425773669,0.470596090973,0.61204797489,0.195981542567,0.332270537907,0.137038917317,-2.43449682161,-1.4257341017,-0.128241619487,0.334320206385,-4.70573379583
-6.43789497379e-06,-0.0695143308564,-0.0115946096782,0.0310941085736,0.0757204191606,0.0950242953548,0.176665420121,0.234331512063,0.27542577367,0.0813400627106,0.137955300681,0.180118225261,0.057206447661,0.0978137420361,0.0407880819185,-0.863377797673,-0.42017802135,-0.0756723648155,0.0988287855378,-1.36584376697
-1.21925627285e-05,-0.125410853419,-0.017572309472,0.056304225736,0.119154690709,0.162974515806,0.301935585954,0.401044176435,0.470596090973,0.137955300681,0.236025544048,0.307155896576,0.098222660768,0.16698313006,0.0690545733879,-1.40411665933,-0.645658133435,-0.0617138126987,0.195362996807,-2.24328479178
-1.40892997537e-05,-0.155848895948,-0.0241521959714,0.0692604784283,0.153915289566,0.210219678154,0.391613156196,0.520517834757,0.61204797489,0.180118225261,0.307155896576,0.40171141088,0.127788665131,0.218199647998,0.0908480728143,-1.81641550328,-0.810117099981,-0.108561476893,0.261989348108,-2.97618961461
-5.40105533145e-06,-0.0548886576358,-0.00625348678339,0.0242044257605,0.0419592646144,0.0680246129122,0.12564480161,0.16719525267,0.195981542567,0.057206447661,0.0982226607679,0.127788665131,0.0413171816402,0.0696015323061,0.0285833582637,-0.480459934463,-0.213822058504,0.0123505734653,0.0990598462965,-0.917129732859
-7.48552079126e-06,-0.0847048236008,-0.0126977542076,0.0373764198841,0.0788709736306,0.113761660587,0.212233398513,0.282479339942,0.332270537907,0.097813742036,0.16698313006,0.218199647998,0.0696015323061,0.119208768337,0.0494371554117,-0.941408642155,-0.399567699442,-0.0415995278932,0.155601091013,-1.60703024458
-2.01198851531e-06,-0.0300812491008,-0.00641033002423,0.0128186856936,0.0347562994291,0.0460706031071,0.0870977169166,0.115857709968,0.137038917317,0.0407880819185,0.0690545733878,0.0908480728144,0.0285833582637,0.0494371554117,0.0213994536928,-0.394557408477,-0.171938357259,-0.0474152093856,0.0600579039995,-0.716788729035
7.51121557894e-05,-0.164447518026,0.267123149362,-0.879340636174,-4.89741860346,-0.621576269631,-1.52419909667,-2.05277488004,-2.43449682165,-0.863377797678,-1.40411665934,-1.8164155033,-0.480459934467,-0.941408642168,-0.394557408479,152.993009723,26.2519075126,14.5407378588,2.90264818194,-37.9174988462
9.34769785876e-05,0.26518817617,0.250718147661,-0.247495798411,-2.47767414645,-0.604525786736,-1.03051723325,-1.25043536887,-1.42573410171,-0.420178021351,-0.645658133438,-0.810117099991,-0.213822058507,-0.399567699448,-0.17193835726,26.2519075123,19.7044948458,8.26266182098,5.22474849701,10.5543349647
-4.95097203722e-05,-0.376307485545,0.168175518137,0.114051164072,-1.14964805998,-0.0172208153448,-0.0914709367134,-0.0814120182722,-0.128241619499,-0.0756723648171,-0.0617138127023,-0.1085614769,0.012350573464,-0.0415995278975,-0.0474152093863,14.5407378587,8.26266182103,5.71396382333,2.5839399776,4.00792707504
5.25288845514e-06,-0.133516911268,0.0586891373813,0.0423204331321,-0.55923287326,0.0755291502774,0.17529134096,0.274903968713,0.334320206379,0.0988287855369,0.195362996805,0.261989348105,0.0990598462957,0.15560109101,0.0600579039991,2.90264818191,5.22474849704,2.5839399776,2.11317696575,1.3402417476
2.77793806568e-05,0.951746049011,0.395916579141,-0.0181360525059,-1.10298395693,-1.71682436773,-3.07114945739,-3.97656026653,-4.70573379583,-1.36584376697,-2.24328479178,-2.97618961461,-0.91712973286,-1.60703024458,-0.716788729035,-37.9174988464,10.5543349647,4.00792707498,1.34024174756,56.2030316805
#
7.54271820152e-11,-3.90164374475e-07,-3.62067269564e-07,-2.5905245472e-07,-3.67899138e-07,3.09263077068e-07,3.61856955379e-07,4.40080965802e-07,4.41146476174e-07,6.88715134461e-08,1.4489895151e-07,1.48383651501e-07,5.76235564529e-08,5.48579686145e-08,5.64199722109e-09,-1.82018112317e-05,6.98487110161e-06,5.4243165942e-06,6.11645337346e-06,-3.48120340553e-07
-3.90164374475e-07,0.500651600552,0.0413743241464,-0.0105638549532,-0.0297100598958,-0.0791507662074,-0.126525791747,-0.149765807915,-0.169367998259,-0.0471525767061,-0.0715324138153,-0.0918298471409,-0.0257037480397,-0.046835291048,-0.0202420250048,-1.32802669911,0.389754734171,0.436725414848,0.44764056368,0.160416622128
-3.62067269564e-07,0.0413743241464,0.0211867669058,-0.00620297859237,0.00171728289153,-0.000775571811611,0.000671405512145,0.00473782142724,0.00682748547789,0.00160207697055,0.00527301654711,0.00762164480231,0.0035055648099,0.00592076012356,0.00249302677945,-0.256651407491,-0.0453359596292,-0.0345771141182,0.0533822700158,0.0528670871518
-2.5905245472e-07,-0.0105638549532,-0.00620297859237,0.00457463253123,-7.44671910281e-05,0.00398115477791,0.00673365325696,0.00721904551265,0.00812776597798,0.00260912972198,0.00325271840548,0.00399734572624,0.000799316047695,0.00153032211564,0.000651454665766,0.231211056336,0.00924220790147,0.000887246648156,-0.0311703450164,-0.000393507961064
-3.67899138e-07,-0.0297100598958,0.00171728289153,-7.44671910281e-05,0.0507505090914,0.00177348268696,0.00504030534506,0.00621401733431,0.00821534676315,0.0029064815477,0.00451113017548,0.00692926386025,0.00174371844128,0.0041810364295,0.00247952942896,0.556368712918,-0.772450407542,-0.731855728804,-0.715893573702,-0.760568198696
3.09263077068e-07,-0.0791507662074,-0.000775571811611,0.00398115477791,0.00177348268696,0.0800150754491,0.134877092879,0.175963037883,0.20368254622,0.0556274702669,0.0965992580942,0.124516114232,0.040810665585,0.0687849148891,0.0278065528578,0.358926914079,0.0614899821218,-0.0709827381313,0.0974587974828,0.256418330205
3.61856955379e-07,-0.126525791747,0.000671405512146,0.00673365325696,0.00504030534506,0.134877092879,0.230035605129,0.300728771167,0.348691453294,0.0953877242083,0.16624140447,0.214565188421,0.0705614307291,0.118973873008,0.0481237593895,0.592097435451,0.0676082830487,-0.152204002725,0.14784252683,0.451519094524
4.40080965802e-07,-0.149765807915,0.00473782142724,0.00721904551265,0.00621401733431,0.175963037883,0.300728771167,0.396365144062,0.459734441808,0.125698639603,0.22046790729,0.284809268641,0.0942554944673,0.158716139214,0.0641070107567,0.639295708137,0.0891623878438,-0.196760934131,0.225659322547,0.655852740049
4.41146476174e-07,-0.169367998259,0.00682748547789,0.00812776597798,0.00821534676315,0.20368254622,0.348691453294,0.459734441808,0.534644715402,0.146110454696,0.25658870186,0.33167765779,0.109879513777,0.18509967859,0.0748055437783,0.699388668975,0.0827566872102,-0.244380151402,0.255411780599,0.772371705343
6.88715134461e-08,-0.0471525767061,0.00160207697055,0.00260912972198,0.0029064815477,0.0556274702669,0.0953877242083,0.125698639603,0.146110454696,0.0400898242668,0.0702204058824,0.0908034882904,0.0300324519358,0.0506532205386,0.0204943303121,0.210407119467,0.0109130631418,-0.0765505524868,0.0586130673551,0.20706895213
1.4489895151e-07,-0.0715324138153,0.00527301654711,0.00325271840548,0.00451113017548,0.0965992580942,0.16624140447,0.22046790729,0.25658870186,0.0702204058824,0.124156328386,0.160603648915,0.0535425385858,0.090095492206,0.0363700715873,0.276742520693,0.0266427940027,-0.12693428707,0.127240772582,0.398963180466
1.48383651501e-07,-0.0918298471409,0.00762164480231,0.00399734572624,0.00692926386025,0.124516114232,0.214565188421,0.284809268641,0.33167765779,0.0908034882904,0.160603648915,0.20807325596,0.069357203478,0.116794646914,0.0471915554963,0.337380509806,0.0140433230919,-0.180644036999,0.153403088171,0.51331868662
5.76235564529e-08,-0.0257037480397,0.0035055648099,0.000799316047695,0.00174371844128,0.040810665585,0.0705614307291,0.0942554944673,0.109879513777,0.0300324519358,0.0535425385858,0.069357203478,0.0233413018176,0.0391597567455,0.0157769511973,0.0718758606099,0.0125099024707,-0.0523110308416,0.0651309312586,0.189989021851
5.48579686145e-08,-0.046835291048,0.00592076012356,0.00153032211564,0.0041810364295,0.0687849148891,0.118973873008,0.158716139214,0.18509967859,0.0506532205386,0.090095492206,0.116794646914,0.0391597567455,0.0660006133807,0.0266217108189,0.133729453686,-0.00056441800089,-0.106300510907,0.0914137311764,0.305752776369
