# XDGMM Model
# n_components  n_iter  tol  method   random_state
7,100,1e-05,astroML,None
# weights
0.399402249964,0.0124506405321,0.110531347533,0.013763602723,0.127985087915,0.126069769099,0.209797302234
# means
4.32568405957e-05,-0.143470848034,-0.00695041165795,0.36159855076,0.157590147262,1.31314539131,1.96880718122,2.27196440528,2.55572947334,0.655828809177,0.959843809092,1.24006288661,0.302630405076,0.581286331952,0.278367914025,9.48725400106e-07,0.0039929090926,0.00412120935032,0.0126603573368,0.00245923972393
6.76804783485e-05,0.200283638778,-0.0400035757364,0.338049786364,-0.0761060362675,0.826325417127,1.16352855975,1.19371172357,1.32785508494,0.339251429411,0.370730053133,0.498933106837,0.0302079177719,0.163373862544,0.132589910497,21.9066571706,7.87593177746,5.35450535773,2.93554108081,2.22473244652
0.000224553913841,0.323476090061,0.0339636627857,0.159633223261,-0.141809391775,1.08913540744,1.62604775505,1.85466173004,2.09897215421,0.537422155322,0.76480865407,1.00876114418,0.227260887138,0.471296007218,0.243499091254,7.66496505454,6.76444478505,6.07987160917,5.6152584701,5.26835452125
0.000174503257356,0.893244159516,-0.0257988002264,0.219998736562,-0.781811831533,0.944206846208,1.37858402924,1.50853240272,1.69498345128,0.438339066482,0.562983070256,0.748945705306,0.123158117556,0.310435939255,0.181792154692,16.8044520525,14.605361848,14.5821790287,14.8066168589,16.4202027423
0.000224432703468,-0.109332518686,-0.00615420791794,0.226016577416,-0.452922312166,1.40779201302,2.10233646535,2.4181524644,2.71545796831,0.694868889773,1.01098185714,1.3060077745,0.315397351733,0.611221574984,0.294856388091,0.259520311124,0.0860119559722,0.0731435725662,0.106823196011,0.0610994746066
4.20416396403e-05,0.0404443274663,-0.00309658195175,0.310317513088,-0.352981686779,1.07241221189,1.62845552359,1.85095155083,2.11258082775,0.555679570714,0.779675223475,1.03731405392,0.223751073823,0.480341731893,0.255546834671,10.1945793314,10.0256809181,9.12258403254,8.02682375556,8.75668618357
4.4338876251e-05,0.203527058188,0.0285959392521,0.294493756088,0.062482004136,1.04641781439,1.59025766238,1.83725403525,2.10277653924,0.54562275339,0.79170079202,1.05547590046,0.245245760754,0.50726457903,0.261972943063,5.83907848291,3.52504232827,3.07011316907,2.62774006452,2.87228173093
# covars
1.60537178866e-09,-4.70783158062e-06,2.75641660985e-08,-4.24353824981e-06,-2.20184816815e-07,5.25616490679e-07,3.67226445477e-07,7.31726297149e-08,-8.53086772602e-08,-1.61505577839e-07,-4.3699379682e-07,-5.99021306168e-07,-2.25811697782e-07,-3.73354925213e-07,-1.68286284054e-07,1.18088097392e-11,1.03778860524e-08,1.00762448721e-08,-7.34423245515e-08,6.17724892835e-09
-4.70783158062e-06,1.05690159068,-0.00937106955231,0.0506628268306,0.0546944547035,-0.160832733514,-0.233627131557,-0.275427382645,-0.29863612288,-0.0728787372432,-0.114890708793,-0.137204785215,-0.0421881629034,-0.0647959999869,-0.0234075378519,-3.02607234728e-07,-9.05329270651e-05,-0.00016324653212,0.000827230785624,-9.72341302698e-05
2.75641660985e-08,-0.00937106955231,0.0142175607821,-0.0058513407076,-0.00765263570113,0.00627691057468,0.00870011250275,0.00989395922954,0.0106943105308,0.0025007514601,0.00358925637007,0.00453123223558,0.00113547866124,0.00206731884146,0.000911367693166,2.89906965825e-08,0.000195628853826,0.000137800501311,0.00029849744054,8.81705756358e-05
-4.24353824981e-06,0.0506628268306,-0.0058513407076,0.0270060330349,0.0174444867079,-0.0051685740309,-0.00629709805321,-0.00562789018222,-0.00645261693392,-0.00128537826538,-0.000649002203874,-0.0013513916436,0.000359176827587,-0.000334258937019,-0.000581309451445,-7.5273144536e-08,-0.000186480847044,-0.000186097693156,-8.46176867072e-05,-0.000114007185488
-2.20184816815e-07,0.0546944547035,-0.00765263570113,0.0174444867079,0.176528643297,-0.0501693843356,-0.072072687623,-0.0868826832287,-0.0949278479221,-0.0226983828816,-0.0368860457661,-0.0463338745988,-0.0140837508139,-0.023283573167,-0.00964170598089,-2.15725896005e-07,-0.00129696577774,-0.00134289591883,-0.00293647572589,-0.00082577496998
5.25616490679e-07,-0.160832733514,0.00627691057468,-0.0051685740309,-0.0501693843356,0.158514439003,0.237425689638,0.287957220944,0.315116864438,0.0795391350698,0.12938425531,0.15699217946,0.0495607871835,0.0774735189411,0.0288732435468,1.83092017982e-08,0.000424135653713,0.00028231794788,-0.000983782862613,0.000184315024408
3.67226445477e-07,-0.233627131557,0.00870011250275,-0.00629709805321,-0.072072687623,0.237425689638,0.358645680378,0.43643268087,0.478977457277,0.121432563339,0.198418189774,0.241583578306,0.076473632622,0.120084086146,0.0450997369072,1.95021689463e-08,0.000593584041429,0.000383232956032,-0.00155955624931,0.000251894779648
7.31726297149e-08,-0.275427382645,0.00989395922954,-0.00562789018222,-0.0868826832287,0.287957220944,0.43643268087,0.534110002662,0.587069421096,0.149242072008,0.245088955578,0.299193289112,0.0950925285459,0.149718009155,0.0565048617968,1.78868154685e-08,0.000689723374855,0.000436761582892,-0.00191556128877,0.000288245510201
-8.53086772602e-08,-0.29863612288,0.0106943105308,-0.00645261693392,-0.0949278479221,0.315116864438,0.478977457277,0.587069421096,0.647059906156,0.16476055242,0.271138526407,0.331641554347,0.105502489689,0.166560646353,0.0631452814579,1.93365622259e-08,0.000742126233486,0.000467836998923,-0.00211706156597,0.000309255539311
-1.61505577839e-07,-0.0728787372432,0.0025007514601,-0.00128537826538,-0.0226983828816,0.0795391350698,0.121432563339,0.149242072008,0.16476055242,0.0421511425065,0.0694989898903,0.0852085009521,0.027126719438,0.0429749489714,0.0163829012438,2.16249309445e-09,0.000174859335487,0.00010603423923,-0.000564185949614,7.07320145723e-05
-4.3699379682e-07,-0.114890708793,0.00358925637007,-0.000649002203874,-0.0368860457661,0.12938425531,0.198418189774,0.245088955578,0.271138526407,0.0694989898903,0.11537454695,0.14178631753,0.0453947514282,0.0720356962674,0.0275576633807,1.94464143164e-10,0.000266200688757,0.000155999962616,-0.000925350418044,0.000104830905419
-5.99021306168e-07,-0.137204785215,0.00453123223558,-0.0013513916436,-0.0463338745988,0.15699217946,0.241583578306,0.299193289112,0.331641554347,0.0852085009521,0.14178631753,0.17472660341,0.055979856743,0.0891379119018,0.0342904786579,2.6337974212e-09,0.000326666853244,0.000194875270341,-0.00110200858211,0.000130599986137
-2.25811697782e-07,-0.0421881629034,0.00113547866124,0.000359176827587,-0.0140837508139,0.0495607871835,0.076473632622,0.0950925285459,0.105502489689,0.027126719438,0.0453947514282,0.055979856743,0.0180549473057,0.0287102148624,0.0110365568807,-1.36263743524e-09,9.29047160281e-05,5.15393770372e-05,-0.000360854074561,3.50631501645e-05
-3.73354925213e-07,-0.0647959999869,0.00206731884146,-0.000334258937018,-0.023283573167,0.0774735189411,0.120084086146,0.149718009155,0.166560646353,0.0429749489714,0.0720356962674,0.0891379119018,0.0287102148624,0.0459448430692,0.0178047758987,7.35377175179e-10,0.000152350765515,8.88936308791e-05,-0.000546722753772,5.99393578818e-05
-1.68286284054e-07,-0.0234075378519,0.000911367693166,-0.000581309451445,-0.00964170598088,0.0288732435468,0.0450997369072,0.0565048617968,0.0631452814579,0.0163829012438,0.0275576633807,0.0342904786579,0.0110365568807,0.0178047758987,0.00701447039553,2.0124354656e-09,6.09631666764e-05,3.84507761406e-05,-0.000189144848099,2.55878214375e-05
1.18088097392e-11,-3.02607234728e-07,2.89906965825e-08,-7.5273144536e-08,-2.15725896005e-07,1.83092017982e-08,1.95021689463e-08,1.78868154685e-08,1.93365622259e-08,2.16249309445e-09,1.94464143166e-10,2.6337974212e-09,-1.36263743524e-09,7.3537717518e-10,2.0124354656e-09,1.56761667365e-11,2.37750776897e-09,2.20135970943e-09,3.67955382068e-09,1.3604893403e-09
1.03778860524e-08,-9.05329270651e-05,0.000195628853826,-0.000186480847044,-0.00129696577774,0.000424135653713,0.000593584041429,0.000689723374855,0.000742126233486,0.000174859335487,0.000266200688757,0.000326666853244,9.29047160281e-05,0.000152350765515,6.09631666764e-05,2.37750776897e-09,1.95323414914e-05,1.54856992819e-05,2.30039626856e-05,9.68034368503e-06
1.00762448721e-08,-0.00016324653212,0.000137800501311,-0.000186097693156,-0.00134289591883,0.00028231794788,0.000383232956032,0.000436761582892,0.000467836998923,0.00010603423923,0.000155999962617,0.000194875270341,5.15393770373e-05,8.88936308791e-05,3.84507761407e-05,2.20135970943e-09,1.54856992819e-05,1.4433980546e-05,2.47359793992e-05,8.99203894438e-06
-7.34423245515e-08,0.000827230785623,0.00029849744054,-8.46176867072e-05,-0.00293647572589,-0.000983782862613,-0.00155955624931,-0.00191556128877,-0.00211706156597,-0.000564185949614,-0.000925350418044,-0.00110200858211,-0.000360854074561,-0.000546722753772,-0.000189144848099,3.67955382068e-09,2.30039626856e-05,2.47359793992e-05,0.00138684268096,1.51357728272e-05
6.17724892835e-09,-9.72341302698e-05,8.81705756358e-05,-0.000114007185488,-0.00082577496998,0.000184315024408,0.000251894779648,0.000288245510201,0.000309255539311,7.07320145723e-05,0.000104830905419,0.000130599986137,3.50631501645e-05,5.99393578818e-05,2.55878214375e-05,1.3604893403e-09,9.68034368503e-06,8.99203894438e-06,1.51357728272e-05,5.60938460256e-06
#
3.84442852609e-09,1.32401266518e-05,-2.08119440654e-06,-6.97453924905e-06,4.24784223914e-06,-3.11353163062e-06,-4.09025441411e-06,-5.86726233492e-06,-5.80591366373e-06,-9.06618245979e-07,-3.1505406115e-06,-2.69771994321e-06,-2.20694433179e-06,-1.56064816668e-06,2.9852144719e-07,-0.000180402916711,-1.15994701897e-05,-8.54857032661e-05,1.26285754325e-06,0.000148497822002
1.32401266518e-05,0.147401173374,-0.00771240259162,-0.031942783715,-0.0563987080344,-0.0966957033005,-0.142481120416,-0.177921627587,-0.2007101322,-0.0450046080624,-0.0829613897488,-0.105927374444,-0.0374979408295,-0.0566578192329,-0.0201775201079,-2.14414859143,-0.000222293713893,0.00114427822691,0.0266147179201,0.0461055859314
-2.08119440654e-06,-0.00771240259162,0.0035024185767,0.00700217777985,-0.00495479328815,0.00563556517865,0.00819658418448,0.0114085820362,0.0118691873552,0.00215430904118,0.00542406883425,0.00636162847643,0.00343073201932,0.00371120240122,0.000428633479482,0.0316011406552,0.107378888245,0.05264142069,0.0424901551516,-0.0189300807344
-6.97453924905e-06,-0.031942783715,0.00700217777985,0.0183579957343,0.00600858586668,0.0210177310161,0.0300997160356,0.0392289749531,0.0415727162352,0.00834292543407,0.0179660473229,0.0207103742944,0.00987417247262,0.0112504420711,0.00195572425289,0.302526451657,0.0632623829938,0.0636514787524,0.0277356856075,-0.175465452021
4.24784223914e-06,-0.0563987080344,-0.00495479328815,0.00600858586668,0.251562489278,0.11393208647,0.164581426374,0.192800473926,0.210928783777,0.0496182999532,0.0758154037535,0.095669144382,0.0272583847841,0.0450454666096,0.0175923313596,0.278405788706,-1.6123534395,-1.55485533259,-0.48710625035,0.0649113158249
-3.11353163062e-06,-0.0966957033005,0.00563556517865,0.0210177310161,0.11393208647,0.102479203502,0.149448582552,0.183109023743,0.20410161802,0.0462720609129,0.080007454563,0.103266469637,0.0341685268832,0.0535941828386,0.0195936659532,1.1247604127,-0.332893920959,-0.566753767857,-0.0869939251507,0.254401999876
-4.09025441411e-06,-0.142481120416,0.00819658418448,0.0300997160356,0.164581426374,0.149448582552,0.220726864585,0.269682573214,0.301118732849,0.068368673292,0.118192731361,0.153086578525,0.0504340709985,0.0795586714507,0.0293336277067,1.67342828029,-0.449692259217,-0.819360174402,-0.11492001663,0.414940696867
-5.86726233492e-06,-0.177921627587,0.0114085820362,0.0392289749531,0.192800473926,0.183109023743,0.269682573214,0.332471919736,0.370272615909,0.0838392057247,0.14601871981,0.189051127192,0.0628949045243,0.0986869832748,0.0359732002142,2.09539630195,-0.45742253663,-0.937796186365,-0.109328808164,0.51281798868
-5.80591366373e-06,-0.2007101322,0.0118691873552,0.0415727162352,0.210928783777,0.20410161802,0.301118732849,0.370272615909,0.415343150489,0.094014829168,0.163504855408,0.212600895337,0.0701825810937,0.111156299806,0.0411518834666,2.42280027146,-0.468314751444,-1.02058148279,-0.112205342511,0.626950745198
-9.06618245979e-07,-0.0450046080624,0.00215430904118,0.00834292543407,0.0496182999532,0.0462720609129,0.068368673292,0.0838392057247,0.094014829168,0.0216987640992,0.037010163257,0.0482682305698,0.015683423804,0.0251652554647,0.00949834356744,0.553041079993,-0.123745428177,-0.246241274575,-0.0318940480626,0.153750749436
-3.1505406115e-06,-0.0829613897488,0.00542406883425,0.0179660473229,0.0758154037535,0.080007454563,0.118192731361,0.14601871981,0.163504855408,0.037010163257,0.0653702815743,0.0845438878025,0.0283200162163,0.0444742857981,0.0162602254515,1.02517205941,-0.121065052525,-0.342092826559,-0.0251919261724,0.237038062725
-2.69771994321e-06,-0.105927374444,0.00636162847643,0.0207103742944,0.095669144382,0.103266469637,0.153086578525,0.189051127192,0.212600895337,0.0482682305698,0.0845438878025,0.111355206509,0.0365229758699,0.0584101932245,0.0218943551213,1.33192542433,-0.112531010303,-0.442760237877,-0.0181830824097,0.388454289433
-2.20694433179e-06,-0.0374979408295,0.00343073201932,0.00987417247262,0.0272583847841,0.0341685268832,0.0504340709985,0.0628949045243,0.0701825810937,0.015683423804,0.0283200162163,0.0365229758699,0.0129227949538,0.0194117192574,0.00675785281968,0.453823677892,-0.0005646018625,-0.104712775237,0.0068607206553,0.0850054255518
-1.56064816668e-06,-0.0566578192329,0.00371120240122,0.0112504420711,0.0450454666096,0.0535941828386,0.0795586714507,0.0986869832748,0.111156299806,0.0251652554647,0.0444742857981,0.0584101932245,0.0194117192574,0.0315435056996,0.0115844923643,0.723831185091,-0.00875378279498,-0.197448337318,0.00651466520008,0.217422487787
2.9852144719e-07,-0.0201775201079,0.000428633479482,0.00195572425289,0.0175923313596,0.0195936659532,0.0293336277067,0.0359732002142,0.0411518834666,0.00949834356744,0.0162602254515,0.0218943551213,0.00675785281968,0.0115844923643,0.00530569843129,0.283720926551,-0.0107453114862,-0.0862844386445,-0.00175440847685,0.116622254725
-0.000180402916711,-2.14414859143,0.0316011406552,0.302526451657,0.278405788707,1.1247604127,1.67342828029,2.09539630195,2.42280027146,0.553041079993,1.02517205941,1.33192542433,0.453823677892,0.723831185091,0.283720926551,36.5524487301,1.92080679321,3.75108541831,-0.223812756817,-0.498561317719
-1.15994701897e-05,-0.000222293713892,0.107378888245,0.0632623829937,-1.6123534395,-0.332893920959,-0.449692259217,-0.45742253663,-0.468314751444,-0.123745428177,-0.121065052525,-0.112531010303,-0.000564601862498,-0.00875378279497,-0.0107453114862,1.92080679321,15.2371915724,10.0416135651,4.98883341733,4.5426104983
-8.54857032661e-05,0.00114427822689,0.05264142069,0.0636514787524,-1.55485533259,-0.566753767857,-0.819360174402,-0.937796186365,-1.02058148279,-0.246241274575,-0.342092826559,-0.442760237877,-0.104712775237,-0.197448337318,-0.0862844386445,3.75108541831,10.0416135651,10.831462944,2.8775668199,-2.20111314871
1.26285754325e-06,0.0266147179201,0.0424901551516,0.0277356856075,-0.48710625035,-0.0869939251507,-0.11492001663,-0.109328808164,-0.112205342511,-0.0318940480626,-0.0251919261724,-0.0181830824097,0.0068607206553,0.00651466520008,-0.00175440847685,-0.223812756817,4.98883341733,2.8775668199,1.72504993274,1.79416805695
0.000148497822002,0.0461055859314,-0.0189300807344,-0.175465452021,0.0649113158249,0.254401999876,0.414940696867,0.51281798868,0.626950745198,0.153750749436,0.237038062725,0.388454289433,0.0850054255518,0.217422487787,0.116622254725,-0.498561317719,4.5426104983,-2.20111314871,1.79416805695,10.0178210377
#
8.58283700717e-08,6.35378593094e-05,-3.24855236777e-06,-9.56300008159e-06,-1.05262698368e-05,1.01510314609e-05,1.568394867e-05,2.01425720346e-05,2.19542969327e-05,5.47811298325e-06,1.00218495212e-05,1.19532209093e-05,4.55750421956e-06,6.45379971637e-06,1.98458912613e-06,0.00012236220764,0.000129929625029,0.000128619329157,0.000153307028618,0.00014211733691
6.35378593094e-05,0.830815759579,-0.0110378707968,-0.00126103261477,0.0421415800229,-0.0298527684544,-0.0404712212043,-0.0479458963893,-0.0474433204461,-0.0105783021896,-0.0178298758568,-0.0182733860007,-0.0070894381456,-0.00749524244703,-0.000608786977737,-0.468842747727,-0.592384248894,-0.569473510458,-0.43620113146,-0.568243512216
-3.24855236777e-06,-0.0110378707968,0.0227383464972,-0.00298531785277,-0.00806505299762,0.0081820991849,0.0129660062737,0.0166039924524,0.0181969506362,0.00479580706408,0.00847366642944,0.0101713111338,0.00365041379631,0.00532383715858,0.0017467315479,0.14284839082,0.124297277408,0.121037065901,0.108810903632,0.107091284215
-9.56300008159e-06,-0.00126103261477,-0.00298531785277,0.00220664767217,0.00252066884307,-0.00233186186352,-0.0033482268458,-0.00418954161658,-0.00431637448163,-0.00101672078961,-0.00186567532419,-0.00204964148138,-0.000839175187881,-0.0010217125079,-0.00021103106094,-0.0402536309955,-0.0350020583718,-0.0320278265203,-0.0326707790855,-0.0289224242204
-1.05262698368e-05,0.0421415800229,-0.00806505299762,0.00252066884307,0.0766031783033,0.00708340226124,0.0137994982443,0.0165102041032,0.0213114818173,0.00647521595773,0.00940032440608,0.013778975882,0.0030723210162,0.00747016558906,0.00426847826043,-1.20883376201,-1.08084098025,-1.04783806742,-0.996576338183,-0.959931699199
1.01510314609e-05,-0.0298527684544,0.0081820991849,-0.00233186186352,0.00708340226124,0.0505698864409,0.079054971636,0.0969522467618,0.109153092863,0.0284981932023,0.0466204277789,0.0587531762786,0.0181722099164,0.0303322344092,0.0122151411877,-0.087535695233,-0.051799858547,-0.104985542637,-0.119978371656,-0.133963925196
1.568394867e-05,-0.0404712212043,0.0129660062737,-0.0033482268458,0.0137994982443,0.079054971636,0.126465073652,0.157002737775,0.178456780753,0.0472316488942,0.0782056491478,0.0995144641299,0.0310411059541,0.0523697750232,0.021433466067,-0.146474605162,-0.114860236878,-0.197234797801,-0.224303554363,-0.245562957933
2.01425720346e-05,-0.0479458963893,0.0166039924524,-0.00418954161658,0.0165102041032,0.0969522467618,0.157002737775,0.196871246107,0.224848122906,0.0599701119183,0.100169479179,0.128043570913,0.0402649255827,0.0681417281353,0.0280309957029,-0.144552990812,-0.131956668824,-0.233206240801,-0.271182849075,-0.297453127544
2.19542969327e-05,-0.0474433204461,0.0181969506362,-0.00431637448163,0.0213114818173,0.109153092863,0.178456780753,0.224848122906,0.258152490951,0.0692249693392,0.116087442067,0.149044111907,0.0469323575817,0.0798802554043,0.0331272289914,-0.183803670507,-0.183386871695,-0.297095183021,-0.341457003964,-0.371092541907
5.47811298325e-06,-0.0105783021896,0.00479580706408,-0.00101672078961,0.00647521595773,0.0284981932023,0.0472316488942,0.0599701119183,0.0692249693392,0.0187229093968,0.0315802022022,0.0407592212422,0.0128778540296,0.0220492402246,0.0092217901684,-0.054423736107,-0.0595875932795,-0.088893304934,-0.101214200341,-0.108662711643
1.00218495212e-05,-0.0178298758568,0.00847366642944,-0.00186567532419,0.00940032440608,0.0466204277789,0.0782056491478,0.100169479179,0.116087442067,0.0315802022022,0.0537437380841,0.0695336232143,0.0221746829191,0.0379439721575,0.01586918275,-0.0564885641499,-0.0798013683131,-0.127969248,-0.151035924838,-0.163425200982
1.19532209093e-05,-0.0182733860007,0.0101713111338,-0.00204964148138,0.013778975882,0.0587531762786,0.0995144641299,0.128043570913,0.149044111907,0.0407592212422,0.0695336232143,0.0903761803505,0.0287930151427,0.0495865136066,0.0209191634519,-0.0882721599062,-0.124836227443,-0.185835747208,-0.215632769631,-0.231591064462
4.55750421956e-06,-0.0070894381456,0.00365041379631,-0.000839175187881,0.0030723210162,0.0181722099164,0.0310411059541,0.0402649255827,0.0469323575817,0.0128778540296,0.0221746829191,0.0287930151427,0.00930030305161,0.0158979652617,0.00664992541756,-0.00476623446097,-0.0223518469398,-0.0411520172927,-0.0517453693742,-0.0566125218386
6.45379971637e-06,-0.00749524244703,0.00532383715858,-0.0010217125079,0.00747016558906,0.0303322344092,0.0523697750232,0.0681417281353,0.0798802554043,0.0220492402246,0.0379439721575,0.0495865136066,0.0158979652617,0.027525279455,0.0116896140854,-0.0367394019235,-0.0674286548857,-0.0992113997648,-0.116510280575,-0.125024825535
1.98458912613e-06,-0.000608786977737,0.0017467315479,-0.00021103106094,0.00426847826043,0.0122151411877,0.021433466067,0.0280309957029,0.0331272289914,0.0092217901684,0.01586918275,0.0209191634519,0.00664992541756,0.0116896140854,0.00507802946046,-0.0296614108712,-0.0432767602667,-0.056334904792,-0.063197756109,-0.0669087595388
0.00012236220764,-0.468842747727,0.14284839082,-0.0402536309955,-1.20883376201,-0.087535695233,-0.146474605162,-0.144552990812,-0.183803670507,-0.054423736107,-0.0564885641499,-0.0882721599062,-0.00476623446097,-0.0367394019235,-0.0296614108712,20.6104159468,17.4209802848,16.6961443094,15.762948343,15.0381383068
0.000129929625029,-0.592384248894,0.124297277408,-0.0350020583718,-1.08084098025,-0.051799858547,-0.114860236878,-0.131956668824,-0.183386871695,-0.0595875932795,-0.0798013683131,-0.124836227443,-0.0223518469398,-0.0674286548857,-0.0432767602667,17.4209802848,15.4829077474,14.8858391142,14.1057290393,13.5427938944
0.000128619329157,-0.569473510458,0.121037065901,-0.0320278265203,-1.04783806742,-0.104985542637,-0.197234797801,-0.233206240801,-0.297095183021,-0.088893304934,-0.127969248,-0.185835747208,-0.0411520172927,-0.0992113997648,-0.056334904792,16.6961443094,14.8858391142,14.4264743806,13.7060953653,13.2194102923
0.000153307028618,-0.43620113146,0.108810903632,-0.0326707790855,-0.996576338183,-0.119978371656,-0.224303554363,-0.271182849075,-0.341457003964,-0.101214200341,-0.151035924838,-0.215632769631,-0.0517453693742,-0.116510280575,-0.063197756109,15.762948343,14.1057290393,13.7060953653,13.0790934502,12.6040663673
0.00014211733691,-0.568243512216,0.107091284215,-0.0289224242204,-0.959931699199,-0.133963925196,-0.245562957933,-0.297453127544,-0.371092541907,-0.108662711643,-0.163425200982,-0.231591064462,-0.0566125218386,-0.125024825535,-0.0669087595388,15.0381383068,13.5427938944,13.2194102923,12.6040663673,12.2334679995
#
1.55414749916e-08,8.16770670056e-05,-1.0718629425e-06,-1.17594819427e-05,-2.62796765141e-05,-1.74525698714e-05,-2.86649732501e-05,-3.13037892888e-05,-3.71650140307e-05,-1.15496703545e-05,-1.39124943742e-05,-1.98603108101e-05,-2.52636619121e-06,-8.01572523462e-06,-5.19962581414e-06,-1.25936372087e-05,0.000500033249904,0.00029258588048,0.000289313930901,8.19183665469e-05
8.16770670056e-05,2.29811843508,0.013086941972,-0.0759729772493,-0.452882364181,-0.130587965112,-0.229413299427,-0.243739489116,-0.310438473726,-0.0997436376305,-0.109032515425,-0.182159745437,-0.0178299818188,-0.0765072452682,-0.0555431627905,-0.0462813280046,8.49715644952,4.42189769596,4.38310403418,3.37903448926
-1.0718629425e-06,0.013086941972,0.00110021755325,0.000180083921202,-0.00441027257175,-0.00163548912992,-0.00132935792585,-0.000367096141997,0.000394132162973,0.000250731413943,0.00135994503024,0.00204685439533,0.00105160674828,0.00173786515519,0.000790532956724,0.0336895098628,0.0464122910203,0.0332739060224,0.0309852170132,0.0172698801019
-1.17594819427e-05,-0.0759729772493,0.000180083921202,0.0150235617197,0.0578940669379,0.0143921084999,0.0230453934017,0.0234255744689,0.0262710044153,0.00871320138556,0.00906723791169,0.0122230104164,0.000331204331375,0.00308698275253,0.00227971104732,-0.42859334075,-0.694901964747,-0.540007693207,-0.533293345839,0.00667946873389
-2.62796765141e-05,-0.452882364181,-0.00441027257175,0.0578940669379,0.375064270427,0.0229034019434,0.0378493049994,0.0190414580795,0.0199414219563,0.0139004256416,-0.0055104337982,-0.00183937590474,-0.0198418296059,-0.0173319256049,-0.000478563861402,-2.91493952345,-3.6000873178,-3.09279665186,-3.13578509042,-0.242791775446
-1.74525698714e-05,-0.130587965112,-0.00163548912992,0.0143921084999,0.0229034019434,0.0341350638642,0.0508770515785,0.0563657431364,0.0631506195341,0.0179004552027,0.0228128736364,0.029714846459,0.00552025686401,0.0114269042276,0.00547985904583,0.0581014233018,-0.698960457009,-0.337826568376,-0.302355464282,-0.106636474318
-2.86649732501e-05,-0.229413299427,-0.00132935792585,0.0230453934017,0.0378493049994,0.0508770515785,0.0815122780815,0.0942589511131,0.108326066584,0.031250859388,0.0436901403924,0.0578817576304,0.0136140599426,0.025586628886,0.0115008932214,0.13771816953,-1.23144307452,-0.572221996509,-0.511202412123,-0.23281038398
-3.13037892888e-05,-0.243739489116,-0.000367096141997,0.0234255744689,0.0190414580795,0.0563657431364,0.0942589511131,0.117471596062,0.13635049792,0.0390009815438,0.0612890019217,0.0804297865052,0.0239314551099,0.0398063344539,0.0157457112185,0.338843058072,-1.3212778768,-0.500595834417,-0.410559054732,-0.275682727324
-3.71650140307e-05,-0.310438473726,0.000394132162973,0.0262710044153,0.0199414219563,0.0631506195341,0.108326066584,0.13635049792,0.161409798179,0.046375742995,0.0738362642473,0.0982314478394,0.0295213930563,0.0498075489548,0.0202640696707,0.502790531818,-1.57851198245,-0.567448952872,-0.466999630984,-0.39777636831
-1.15496703545e-05,-0.0997436376305,0.000250731413943,0.00871320138556,0.0139004256416,0.0179004552027,0.031250859388,0.0390009815438,0.046375742995,0.0136928284545,0.0212396941405,0.0286176309986,0.00815788132556,0.0143241241681,0.00610899994668,0.0958653205685,-0.530849204368,-0.228065539776,-0.202123282373,-0.12860317794
-1.39124943742e-05,-0.109032515425,0.00135994503024,0.00906723791169,-0.0055104337982,0.0228128736364,0.0436901403924,0.0612890019217,0.0738362642473,0.0212396941405,0.0389830789959,0.0511987986491,0.0187402245204,0.0287203121983,0.0103100052763,0.284914475342,-0.609422844004,-0.152363736587,-0.0965969875056,-0.159765616914
-1.98603108101e-05,-0.182159745437,0.00204685439533,0.0122230104164,-0.00183937590474,0.029714846459,0.0578817576304,0.0804297865052,0.0982314478394,0.0286176309986,0.0511987986491,0.0688908038829,0.0240381116615,0.0384288184435,0.0147933726672,0.431809461604,-0.895188584085,-0.241298160992,-0.175724111853,-0.288696914053
-2.52636619121e-06,-0.0178299818188,0.00105160674828,0.000331204331375,-0.0198418296059,0.00552025686401,0.0136140599426,0.0239314551099,0.0295213930563,0.00815788132556,0.0187402245204,0.0240381116615,0.0111253922395,0.0152378045576,0.00453977393161,0.208731448613,-0.101565665919,0.0737704275345,0.105197926217,-0.0469895767891
-8.01572523462e-06,-0.0765072452682,0.00173786515519,0.00308698275253,-0.0173319256049,0.0114269042276,0.025586628886,0.0398063344539,0.0498075489548,0.0143241241681,0.0287203121983,0.0384288184435,0.0152378045576,0.0233022668019,0.00834941650218,0.344130665141,-0.327477689491,0.00610853371918,0.0438898509472,-0.153224071357
-5.19962581414e-06,-0.0555431627905,0.000790532956724,0.00227971104732,-0.000478563861401,0.00547985904583,0.0115008932214,0.0157457112185,0.0202640696707,0.00610899994668,0.0103100052763,0.0147933726672,0.00453977393161,0.00834941650218,0.00406739948984,0.156836757557,-0.201045571078,-0.0442315146406,-0.0370897662125,-0.104852878052
-1.25936372087e-05,-0.0462813280046,0.0336895098628,-0.42859334075,-2.91493952345,0.0581014233018,0.13771816953,0.338843058072,0.502790531818,0.0958653205685,0.284914475342,0.431809461604,0.208731448613,0.344130665141,0.156836757557,33.9810319021,19.9541532093,23.1495387705,23.2910921036,-6.00366864836
0.000500033249904,8.49715644952,0.0464122910203,-0.694901964747,-3.6000873178,-0.698960457009,-1.23144307452,-1.3212778768,-1.57851198245,-0.530849204368,-0.609422844004,-0.895188584085,-0.101565665919,-0.327477689491,-0.201045571078,19.9541532093,49.4104391901,33.3409213792,32.8416232734,8.81534408089
0.00029258588048,4.42189769596,0.0332739060224,-0.540007693207,-3.09279665186,-0.337826568376,-0.572221996509,-0.500595834417,-0.567448952872,-0.228065539776,-0.152363736587,-0.241298160992,0.0737704275345,0.00610853371918,-0.0442315146406,23.1495387705,33.3409213792,26.6891625689,26.7065429678,2.58214418602
0.000289313930901,4.38310403418,0.0309852170132,-0.533293345839,-3.13578509042,-0.302355464282,-0.511202412123,-0.410559054732,-0.466999630984,-0.202123282373,-0.0965969875056,-0.175724111853,0.105197926217,0.0438898509472,-0.0370897662125,23.2910921036,32.8416232734,26.7065429678,27.4312057455,2.65872749198
8.19183665469e-05,3.37903448926,0.0172698801019,0.00667946873389,-0.242791775446,-0.106636474318,-0.23281038398,-0.275682727324,-0.39777636831,-0.12860317794,-0.159765616914,-0.288696914053,-0.0469895767891,-0.153224071357,-0.104852878052,-6.00366864836,8.81534408089,2.58214418602,2.65872749198,7.01835069538
#
1.45618785299e-07,-1.94054261649e-05,4.6387281543e-07,-2.50807884413e-05,2.96083869897e-05,-5.47810343933e-06,-1.35021780114e-05,-2.06599169017e-05,-2.5848881163e-05,-8.03030752444e-06,-1.52362277988e-05,-2.03559249335e-05,-6.9352935002e-06,-1.22300591417e-05,-5.33900661334e-06,-5.29144672588e-05,-1.94821845484e-06,-1.83123010343e-06,1.23919951943e-05,-2.04267666091e-06
-1.94054261649e-05,1.04222975133,-0.00962503457963,0.0433705552751,-0.0487769204209,-0.162276220757,-0.228236363323,-0.272609027732,-0.285261706654,-0.0655354708434,-0.109808821488,-0.123690763213,-0.0443473791377,-0.0580217876749,-0.0144115283927,-0.0435989928408,0.000374935293683,0.00149315095401,0.041691710626,0.00106620483064
4.6387281543e-07,-0.00962503457963,0.0101928572454,-0.00068427101926,-0.0120768816303,0.0043868269338,0.00727198193522,0.00940722740271,0.010931549122,0.00286217653755,0.00505707594317,0.00648887429486,0.00219858408538,0.00361941401474,0.001443557407,0.00126487302715,0.0013552824153,0.0011070950172,-0.00218563001735,0.000959974755706
-2.50807884413e-05,0.0433705552751,-0.00068427101926,0.0152211181488,-0.0194489713747,0.00621175683076,0.0110558706592,0.0149916340606,0.0172086633649,0.00481137151877,0.00879804496447,0.0110425707577,0.00381422518736,0.00622688495139,0.00241725246609,0.0178698169192,0.000788567644717,0.000843259971002,-0.00608831873025,0.0010448932681
2.96083869897e-05,-0.0487769204209,-0.0120768816303,-0.0194489713747,0.245527134829,-0.0566686932324,-0.0842869634004,-0.101385980888,-0.109694603064,-0.0274812825299,-0.0445904213305,-0.053253630832,-0.0171550764284,-0.0261023964828,-0.00903937426719,-0.00292000742426,-0.0264509810295,-0.0227022322622,0.00565744956495,-0.0200061828443
-5.47810343933e-06,-0.162276220757,0.0043868269338,0.00621175683076,-0.0566686932324,0.103447578523,0.150813205962,0.183577658908,0.196358935263,0.0473914896146,0.0798384061685,0.0938459880709,0.032211084081,0.0464739451976,0.014673923681,0.0159099500294,0.00276213736837,0.00234455592867,-0.0205123268287,0.00275651841832
-1.35021780114e-05,-0.228236363323,0.00727198193522,0.0110558706592,-0.0842869634004,0.150813205962,0.222266150087,0.272212097539,0.292954178168,0.0713467988056,0.120907998241,0.143392620821,0.0491738515722,0.0720266838971,0.0234759523145,0.0335219819313,0.00436408020878,0.00368877736441,-0.0318146032681,0.00421989638658
-2.06599169017e-05,-0.272609027732,0.00940722740271,0.0149916340606,-0.101385980888,0.183577658908,0.272212097539,0.335073098209,0.361839589467,0.0885941153491,0.150852178642,0.179794939339,0.0617302043837,0.091121836944,0.0301809124052,0.0530690757981,0.00472887646749,0.00399128710644,-0.040518381724,0.00470110731794
-2.5848881163e-05,-0.285261706654,0.010931549122,0.0172086633649,-0.109694603064,0.196358935263,0.292954178168,0.361839589467,0.392348240282,0.0965533227608,0.164877220368,0.197532891512,0.067737060245,0.100862100458,0.0339844868821,0.0630094342685,0.00551053827815,0.00463534914691,-0.0446292164752,0.00530332446272
-8.03030752444e-06,-0.0655354708434,0.00286217653755,0.00481137151877,-0.0274812825299,0.0473914896146,0.0713467988056,0.0885941153491,0.0965533227608,0.0239485177563,0.0410638943135,0.0495420286418,0.0169652860306,0.0255560440745,0.00880359135113,0.0177255491037,0.00152631961653,0.00128245784728,-0.0112706833094,0.00141115689926
-1.52362277988e-05,-0.109808821488,0.00505707594317,0.00879804496447,-0.0445904213305,0.0798384061685,0.120907998241,0.150852178642,0.164877220368,0.0410638943135,0.0707882537243,0.0856942209229,0.0294305330203,0.0445316079093,0.0154779557907,0.0371616476755,0.00196211674694,0.00164331885231,-0.0199607755066,0.00193957548433
-2.03559249335e-05,-0.123690763213,0.00648887429486,0.0110425707577,-0.053253630832,0.0938459880709,0.143392620821,0.179794939339,0.197532891512,0.0495420286418,0.0856942209229,0.104441842476,0.0357963948794,0.0547563782823,0.0194134006198,0.0477410489332,0.00267445953653,0.00222853566969,-0.0242603799378,0.0025017331644
-6.9352935002e-06,-0.0443473791377,0.00219858408538,0.00381422518736,-0.0171550764284,0.032211084081,0.0491738515722,0.0617302043837,0.067737060245,0.0169652860306,0.0294305330203,0.0357963948794,0.0123330156367,0.0187749463613,0.0066051409736,0.0186339317836,0.000521919060395,0.00043180070812,-0.00853713069993,0.000583415367037
-1.22300591417e-05,-0.0580217876749,0.00361941401474,0.00622688495139,-0.0261023964828,0.0464739451976,0.0720266838971,0.091121836944,0.100862100458,0.0255560440745,0.0445316079093,0.0547563782823,0.0187749463613,0.0291091865846,0.0105688614274,0.0294975214919,0.00125277325928,0.00103322203145,-0.0129178317869,0.00116450950715
-5.33900661334e-06,-0.0144115283927,0.001443557407,0.00241725246609,-0.00903937426719,0.014673923681,0.0234759523145,0.0301809124052,0.0339844868821,0.00880359135113,0.0154779557907,0.0194134006198,0.0066051409736,0.0105688614274,0.00404800420757,0.0112684435253,0.00069133835276,0.000568078135592,-0.00449109993067,0.000555415388238
-5.29144672588e-05,-0.0435989928408,0.00126487302715,0.0178698169192,-0.00292000742426,0.0159099500294,0.0335219819313,0.0530690757981,0.0630094342685,0.0177255491037,0.0371616476755,0.0477410489332,0.0186339317836,0.0294975214919,0.0112684435253,0.26503511715,-0.00435700203468,-0.00469847302439,-0.0204883098439,-0.00376723042276
-1.94821845484e-06,0.000374935293683,0.0013552824153,0.000788567644717,-0.0264509810295,0.00276213736837,0.00436408020878,0.00472887646749,0.00551053827815,0.00152631961653,0.00196211674694,0.00267445953653,0.000521919060395,0.00125277325928,0.00069133835276,-0.00435700203468,0.00947627552049,0.00771045468841,0.00185021820108,0.00641009242815
-1.83123010343e-06,0.00149315095401,0.0011070950172,0.000843259971002,-0.0227022322622,0.00234455592867,0.00368877736441,0.00399128710644,0.00463534914691,0.00128245784728,0.00164331885231,0.00222853566969,0.00043180070812,0.00103322203145,0.000568078135592,-0.00469847302439,0.00771045468841,0.00629207488189,0.00148042415603,0.00523999249447
1.23919951943e-05,0.041691710626,-0.00218563001735,-0.00608831873025,0.00565744956495,-0.0205123268287,-0.0318146032681,-0.040518381724,-0.0446292164752,-0.0112706833094,-0.0199607755066,-0.0242603799378,-0.00853713069993,-0.0129178317869,-0.00449109993067,-0.0204883098439,0.00185021820108,0.00148042415603,0.0234902074528,0.0010053510667
-2.04267666091e-06,0.00106620483064,0.000959974755706,0.0010448932681,-0.0200061828443,0.00275651841832,0.00421989638658,0.00470110731794,0.00530332446272,0.00141115689926,0.00193957548433,0.0025017331644,0.000583415367037,0.00116450950715,0.000555415388238,-0.00376723042276,0.00641009242815,0.00523999249447,0.0010053510667,0.00438252336612
#
3.06581333208e-10,8.37507266979e-07,-1.06681168298e-07,-8.91317644643e-07,-2.25275000241e-07,4.55717817534e-07,4.99523007919e-07,5.77553187296e-07,5.10365129285e-07,6.22427830531e-08,1.02426797338e-07,3.61097970778e-08,3.66646021661e-08,-3.13791967854e-08,-6.24357557669e-08,1.64068455419e-05,1.71501978135e-06,2.04423297115e-06,5.25190279647e-06,-4.06168784386e-07
8.37507266979e-07,0.493589792528,-0.0100633148493,0.00455137240603,-0.0375906557581,-0.0707385639134,-0.107617213408,-0.132455250126,-0.148052858702,-0.0365297457763,-0.0619648362893,-0.0785935179152,-0.0252987540056,-0.0421461872931,-0.0171449293585,0.803903117051,0.3778482739,0.497949018921,0.536122145243,0.658507521603
-1.06681168298e-07,-0.0100633148493,0.00807170308494,-0.00255805126886,-0.0083506587642,0.00726730149099,0.0120812280667,0.0156384452354,0.0187561177096,0.00490526043764,0.00840034883519,0.0114269418652,0.00352042722497,0.00652111885075,0.00297798301042,0.019079061609,0.104927919381,0.108137135863,0.0907959783938,0.065940099447
-8.91317644643e-07,0.00455137240603,-0.00255805126886,0.00432048883535,0.00332453811611,-0.00174670670121,-0.00210938081856,-0.00238399916571,-0.00266354421538,-0.000434620224926,-0.000567122942118,-0.000893099450253,-0.000175581675762,-0.000493505854458,-0.000289094740392,-0.0796803769134,-0.03289985413,-0.0433154002859,-0.0464858705233,-0.0264819294322
-2.25275000241e-07,-0.0375906557581,-0.0083506587642,0.00332453811611,0.0843732447237,-0.0102635235795,-0.0196278489433,-0.0287104594407,-0.0353804672557,-0.00992552987166,-0.0186013079946,-0.0243091422077,-0.00875941086567,-0.0142269817035,-0.00525226762233,-0.624404908608,-1.16425020231,-1.17250088662,-1.09537914102,-1.16557047926
4.55717817534e-07,-0.0707385639134,0.00726730149099,-0.00174670670121,-0.0102635235795,0.0577735030461,0.0971848964759,0.130046554588,0.151080166392,0.0401850529138,0.0730402657992,0.0935073055822,0.0322137791287,0.052476723677,0.0207828059224,-0.193535568982,0.264253418256,0.115392942198,0.0904784094669,-0.0230581903356
4.99523007919e-07,-0.107617213408,0.0120812280667,-0.00210938081856,-0.0196278489433,0.0971848964759,0.166351752311,0.223011800267,0.259798737255,0.0693708649448,0.126449182318,0.162195738431,0.0559529397844,0.0913117903806,0.0362580396077,-0.28725819108,0.486236577515,0.227286513918,0.181338001704,-0.00336272918034
5.77553187296e-07,-0.132455250126,0.0156384452354,-0.00238399916571,-0.0287104594407,0.130046554588,0.223011800267,0.300989989518,0.350644620956,0.0938156908363,0.171367699476,0.219983933105,0.0760039295409,0.124076232268,0.0492838859676,-0.342874542598,0.691036827615,0.338515520646,0.275431313059,0.0336781604996
5.10365129285e-07,-0.148052858702,0.0187561177096,-0.00266354421538,-0.0353804672557,0.151080166392,0.259798737255,0.350644620956,0.410049107047,0.109711230116,0.200552827007,0.257747839255,0.0890341596365,0.145572033691,0.0579467191787,-0.379931595442,0.832697396159,0.421662115547,0.344566551276,0.0673636390174
6.22427830531e-08,-0.0365297457763,0.00490526043764,-0.000434620224926,-0.00992552987166,0.0401850529138,0.0693708649448,0.0938156908363,0.109711230116,0.0294895056652,0.0539070100443,0.0693233862373,0.0239636295239,0.039199141104,0.0156140904509,-0.0974900790074,0.230258576696,0.11940614522,0.0979251273462,0.0261932943711
1.02426797338e-07,-0.0619648362893,0.00840034883519,-0.000567122942118,-0.0186013079946,0.0730402657992,0.126449182318,0.171367699476,0.200552827007,0.0539070100443,0.0988708137037,0.127126847139,0.0440168161824,0.0719691798117,0.0286516203811,-0.158750466724,0.430031465006,0.225134281818,0.186424696119,0.0580065797989
3.61097970778e-08,-0.0785935179152,0.0114269418652,-0.000893099450253,-0.0243091422077,0.0935073055822,0.162195738431,0.219983933105,0.257747839255,0.0693233862373,0.127126847139,0.163842099877,0.0566422217975,0.0928177231745,0.0370631242727,-0.194521514022,0.556983892491,0.295389495168,0.243654334971,0.0800562902464
3.66646021661e-08,-0.0252987540056,0.00352042722497,-0.000175581675762,-0.00875941086567,0.0322137791287,0.0559529397844,0.0760039295409,0.0890341596365,0.0239636295239,0.0440168161824,0.0566422217975,0.0196637130209,0.032112765242,0.0127806575582,-0.0567104392221,0.198959006921,0.107246252446,0.0899989135436,0.0346551920373
-3.13791967854e-08,-0.0421461872931,0.00652111885075,-0.000493505854458,-0.0142269817035,0.052476723677,0.0913117903806,0.124076232268,0.145572033691,0.039199141104,0.0719691798117,0.0928177231745,0.032112765242,0.0527793397494,0.0210897069331,-0.094764389458,0.322005900015,0.174258052964,0.144230937082,0.0538524602071
