# XDGMM Model
# n_components  n_iter  tol  method   random_state
7,100,1e-05,astroML,None
# weights
0.399266522422,0.111039101718,0.129879292669,0.127976202158,0.205571505166,0.0138013361891,0.012466039678
# means
4.32588955121e-05,-0.143299534749,-0.00689569811842,0.361588810375,0.15756349769,1.31324317159,1.96896496627,2.27217044611,2.55596353624,0.655890313648,0.959949502975,1.24020226489,0.302673791728,0.581363481173,0.278402260614,9.4802934492e-07,0.00399419513155,0.00412139285265,0.0126629909137,0.00246015802885
0.000224003871381,0.327213291469,0.0336182462009,0.159932342531,-0.140088805447,1.08793186806,1.62442929479,1.85289417684,2.0971920871,0.537024586694,0.764245474013,1.00815779863,0.22709906131,0.471101726563,0.243448971501,7.63414262521,6.73575844328,6.0542512729,5.59096479416,5.24720530972
4.33154558961e-05,0.0420131825222,-0.002416328089,0.306722133781,-0.343672694715,1.06594127652,1.61496338997,1.83153135971,2.08859960256,0.548647459455,0.76664044512,1.01980649863,0.217808627732,0.469841354206,0.25112524223,10.0470542154,9.8567931631,8.98260211407,7.85265485313,8.59503905593
0.000224435217953,-0.109330414973,-0.00616340874772,0.226024052054,-0.452948462643,1.40780727246,2.10236675864,2.41818695981,2.71549320657,0.694871174586,1.01099524941,1.30602066282,0.315411222033,0.61123063484,0.29484778583,0.259751040609,0.0859867311829,0.0731306273925,0.106798592433,0.061133434491
4.34293991104e-05,0.205327860034,0.0287192052716,0.296684947514,0.0636023888259,1.05118621816,1.5996425932,1.85067372074,2.11895794996,0.550210070702,0.800170680881,1.06696038214,0.249075133955,0.514099535364,0.264919034093,5.82945645725,3.51036352547,3.05553912223,2.62466237138,2.85776082104
0.000174279131472,0.890837304885,-0.0257555222636,0.219989909068,-0.781445389049,0.94509581549,1.37922928018,1.50952706314,1.69527583312,0.438093899432,0.563034716965,0.74830760601,0.123408596271,0.310093708473,0.18104398647,16.7625367307,14.6109259236,14.5756812837,14.7997080466,16.4009365312
6.74583913231e-05,0.199124520003,-0.0398849784836,0.33846642895,-0.072915861803,0.827451241231,1.16492000731,1.1950808395,1.32896983639,0.339534653147,0.370927014777,0.498712710597,0.0301172420559,0.163002602946,0.132390333274,21.9063300814,7.84134823153,5.3306770071,2.92830875159,2.21322011105
# covars
1.60600461352e-09,-4.71384658198e-06,2.77209783087e-08,-4.24465903881e-06,-2.20987633736e-07,5.30090770688e-07,3.74080206244e-07,8.16361076081e-08,-7.59624673848e-08,-1.5913022901e-07,-4.33007224551e-07,-5.94178577992e-07,-2.24212269971e-07,-3.70888162658e-07,-1.67387658795e-07,1.18062938279e-11,1.03901802019e-08,1.00823138225e-08,-7.34884292739e-08,6.18332225945e-09
-4.71384658198e-06,1.05709364699,-0.00937608140466,0.050707128729,0.0546474130403,-0.160751651791,-0.233491318239,-0.275246880577,-0.298429535162,-0.0728231947652,-0.114792176493,-0.137079829581,-0.0421463239358,-0.0647273133187,-0.0233796754761,-3.02596027248e-07,-9.01921338419e-05,-0.000162992811506,0.00082864615569,-9.71004668583e-05
2.77209783087e-08,-0.00937608140466,0.0142195065121,-0.00585056349498,-0.0076628166089,0.00628423505856,0.00871092014315,0.00990718238331,0.0107086476475,0.00250426842038,0.00359517856444,0.00453824510152,0.00113784371723,0.00207081209587,0.000912551853574,2.89952677492e-08,0.000195754821475,0.000137890616519,0.000299244354127,8.82537653806e-05
-4.24465903881e-06,0.050707128729,-0.00585056349498,0.0270109375478,0.0174563457275,-0.00519169274352,-0.00633361306209,-0.00567412090188,-0.00650439254852,-0.00129892679679,-0.000672130232166,-0.00137999724558,0.000349726630474,-0.000349238145867,-0.000587045009527,-7.52445973918e-08,-0.000186574578833,-0.000186157118359,-8.46809131291e-05,-0.000114080579041
-2.20987633736e-07,0.0546474130403,-0.0076628166089,0.0174563457275,0.17657828905,-0.0501665964947,-0.0720658103068,-0.0868710575896,-0.0949143646785,-0.022693862669,-0.0368772067595,-0.0463230827783,-0.0140795992286,-0.0232768655884,-0.00963912542884,-2.15676476994e-07,-0.00129766641174,-0.00134331450435,-0.00293510769555,-0.000826294293499
5.30090770688e-07,-0.160751651791,0.00628423505856,-0.00519169274352,-0.0501665964947,0.158448131754,0.237313731014,0.287808667394,0.314946632334,0.079493004368,0.129302861979,0.156888166068,0.0495263189556,0.0774162536432,0.0288496902824,1.84935356739e-08,0.000424372508699,0.00028251977456,-0.00098448343592,0.000184492063635
3.74080206244e-07,-0.233491318239,0.00871092014315,-0.00633361306209,-0.0720658103068,0.237313731014,0.358458635615,0.436186529769,0.478696759778,0.121356988197,0.198285506926,0.241414801378,0.0764177844917,0.119991856853,0.0450621462226,1.9788992692e-08,0.000593885633254,0.000383511448412,-0.00156050888859,0.000252136267401
8.16361076081e-08,-0.275246880577,0.00990718238331,-0.00567412090188,-0.0868710575896,0.287808667394,0.436186529769,0.533787508239,0.58670287091,0.149143798686,0.24491701711,0.298975220785,0.0950204642603,0.149599440503,0.0564568103264,1.82419117799e-08,0.000690044183412,0.000437081468838,-0.00191669219492,0.000288520943876
-7.59624673848e-08,-0.298429535162,0.0107086476475,-0.00650439254852,-0.0949143646785,0.314946632334,0.478696759778,0.58670287091,0.646643945405,0.164649366492,0.270944376714,0.331395806816,0.105421316106,0.166427446245,0.0630915236555,1.97292182656e-08,0.000742446253934,0.000468174044501,-0.00211821144254,0.000309546046284
-1.5913022901e-07,-0.0728231947652,0.00250426842038,-0.00129892679679,-0.022693862669,0.079493004368,0.121356988197,0.149143798686,0.164649366492,0.0421215127317,0.0694474192087,0.0851434013476,0.0271052379423,0.0429398263918,0.0163688054061,2.26417156659e-09,0.000174921497781,0.00010610820072,-0.000564453778085,7.07957894207e-05
-4.33007224551e-07,-0.114792176493,0.00359517856444,-0.000672130232166,-0.0368772067595,0.129302861979,0.198285506926,0.24491701711,0.270944376714,0.0694474192087,0.11528496136,0.141673479345,0.0453575447816,0.0719750339046,0.0275334234075,3.64114908739e-10,0.0002662846272,0.000156116442332,-0.00092578625364,0.0001049286853
-5.94178577992e-07,-0.137079829581,0.00453824510152,-0.00137999724558,-0.0463230827783,0.156888166068,0.241414801378,0.298975220785,0.331395806816,0.0851434013476,0.141673479345,0.174584726136,0.0559331138306,0.089061887845,0.0342602216652,2.84036731731e-09,0.000326751980793,0.000195011164258,-0.00110248349847,0.000130715711164
-2.24212269971e-07,-0.0421463239358,0.00113784371723,0.000349726630474,-0.0140795992286,0.0495263189556,0.0764177844917,0.0950204642603,0.105421316106,0.0271052379423,0.0453575447816,0.0559331138306,0.0180395478961,0.0286851994083,0.0110266156557,-1.29550899813e-09,9.29270244686e-05,5.15812685954e-05,-0.000361019361554,3.50971050606e-05
-3.70888162658e-07,-0.0647273133187,0.00207081209587,-0.000349238145867,-0.0232768655884,0.0774162536432,0.119991856853,0.149599440503,0.166427446245,0.0429398263918,0.0719750339046,0.089061887845,0.0286851994083,0.0459043169146,0.017788757097,8.39531517225e-10,0.000152372301559,8.89521353544e-05,-0.000546936139578,5.99892852484e-05
-1.67387658795e-07,-0.0233796754761,0.000912551853574,-0.000587045009527,-0.00963912542884,0.0288496902824,0.0450621462226,0.0564568103264,0.0630915236555,0.0163688054061,0.0275334234075,0.0342602216652,0.0110266156557,0.017788757097,0.0070081827304,2.05082771729e-09,6.0963482008e-05,3.84689453343e-05,-0.000189199865962,2.56049288855e-05
1.18062938279e-11,-3.02596027248e-07,2.89952677492e-08,-7.52445973918e-08,-2.15676476994e-07,1.84935356739e-08,1.9788992692e-08,1.82419117799e-08,1.97292182656e-08,2.26417156659e-09,3.64114908739e-10,2.84036731731e-09,-1.29550899813e-09,8.39531517224e-10,2.05082771729e-09,1.56542145317e-11,2.37736523886e-09,2.20073388537e-09,3.67525454464e-09,1.36055483754e-09
1.03901802019e-08,-9.01921338419e-05,0.000195754821475,-0.000186574578833,-0.00129766641174,0.000424372508699,0.000593885633254,0.000690044183412,0.000742446253934,0.000174921497781,0.0002662846272,0.000326751980793,9.29270244686e-05,0.000152372301559,6.0963482008e-05,2.37736523886e-09,1.95430303468e-05,1.54927293024e-05,2.30067363101e-05,9.68777971342e-06
1.00823138225e-08,-0.000162992811506,0.000137890616519,-0.000186157118359,-0.00134331450435,0.00028251977456,0.000383511448412,0.000437081468838,0.000468174044501,0.00010610820072,0.000156116442332,0.000195011164258,5.15812685954e-05,8.89521353544e-05,3.84689453343e-05,2.20073388537e-09,1.54927293024e-05,1.44377738893e-05,2.47299303433e-05,8.99724225894e-06
-7.34884292739e-08,0.00082864615569,0.000299244354127,-8.46809131291e-05,-0.00293510769555,-0.00098448343592,-0.00156050888859,-0.00191669219492,-0.00211821144254,-0.000564453778085,-0.00092578625364,-0.00110248349847,-0.000361019361554,-0.000546936139578,-0.000189199865962,3.67525454464e-09,2.30067363101e-05,2.47299303433e-05,0.00138703481045,1.51370406141e-05
6.18332225945e-09,-9.71004668583e-05,8.82537653806e-05,-0.000114080579041,-0.000826294293499,0.000184492063635,0.000252136267401,0.000288520943876,0.000309546046284,7.07957894207e-05,0.0001049286853,0.000130715711164,3.50971050606e-05,5.99892852484e-05,2.56049288855e-05,1.36055483754e-09,9.68777971342e-06,8.99724225894e-06,1.51370406141e-05,5.61439770077e-06
#
8.54857960568e-08,6.28784590712e-05,-3.19509875361e-06,-9.55552762369e-06,-1.06598033833e-05,1.02600571952e-05,1.58179556833e-05,2.02727124567e-05,2.20769735187e-05,5.50144309408e-06,1.00430538672e-05,1.19706989939e-05,4.55493291015e-06,6.44765111e-06,1.98175278184e-06,0.000125480196036,0.000132622740099,0.000130830806651,0.000155230818272,0.000143721111497
6.28784590712e-05,0.833492694256,-0.0111813541483,-0.000974786375028,0.043343763783,-0.0303188999191,-0.0413108570222,-0.0491074887542,-0.0488036387539,-0.01095393096,-0.0185277151763,-0.0191848562772,-0.0074062811883,-0.00802732643217,-0.000829435784784,-0.491620859154,-0.610821966107,-0.586069386553,-0.45107931391,-0.581369943465
-3.19509875361e-06,-0.0111813541483,0.022708792289,-0.00299456506622,-0.00814620409876,0.00822518018535,0.0130354947965,0.0166870539534,0.0182907319489,0.00482044920869,0.0085133726187,0.0102220407943,0.00366536990108,0.00534978980777,0.00175817997338,0.144005808725,0.125527099943,0.122166878772,0.109923222647,0.108159874726
-9.55552762369e-06,-0.000974786375028,-0.00299456506622,0.00221680314311,0.0026066335268,-0.00239131841338,-0.0034316239606,-0.00428585387496,-0.00441737481518,-0.00104027773538,-0.00190252360016,-0.00209276226991,-0.000852256185484,-0.00104132274894,-0.000217771481254,-0.0418649827703,-0.0364817735333,-0.0333157043947,-0.0338688627496,-0.030013073107
-1.06598033833e-05,0.043343763783,-0.00814620409876,0.0026066335268,0.0767963763733,0.00676324515925,0.0132808351226,0.0158529847678,0.0205645191449,0.00627628153843,0.00906268699343,0.0133472037609,0.00293488491219,0.00723752271987,0.00417217974394,-1.21271922081,-1.0841990434,-1.05047126198,-0.998809474631,-0.962172335247
1.02600571952e-05,-0.0303188999191,0.00822518018535,-0.00239131841338,0.00676324515925,0.0508706167393,0.07946436945,0.0974027012762,0.10961659619,0.0286042334132,0.0467708300657,0.0589203823946,0.0182162141733,0.0303920776115,0.0122332523478,-0.0824613513931,-0.0467664715116,-0.100662244122,-0.115757108769,-0.130179344696
1.58179556833e-05,-0.0413108570222,0.0130354947965,-0.0034316239606,0.0132808351226,0.07946436945,0.127002582017,0.15757320578,0.179025764296,0.0473552195176,0.0783674513951,0.0996802060413,0.0310787774127,0.0524096683132,0.0214392461923,-0.138551837873,-0.106853284679,-0.190246933137,-0.217440556928,-0.239265129712
2.02727124567e-05,-0.0491074887542,0.0166870539534,-0.00428585387496,0.0158529847678,0.0974027012762,0.15757320578,0.197454521488,0.225409510713,0.0600843148746,0.100302908186,0.12816171428,0.0402834111477,0.0681427124787,0.0280178759685,-0.134695054103,-0.121905609085,-0.224351153615,-0.262459286634,-0.289328311572
2.20769735187e-05,-0.0488036387539,0.0182907319489,-0.00441737481518,0.0205645191449,0.10961659619,0.179025764296,0.225409510713,0.258674386358,0.0693238033358,0.116185911676,0.149110015099,0.0469311823328,0.0798438854897,0.0330969234827,-0.172817443103,-0.172058324944,-0.287043315316,-0.331523256984,-0.361752330985
5.50144309408e-06,-0.01095393096,0.00482044920869,-0.00104027773538,0.00627628153843,0.0286042334132,0.0473552195176,0.0600843148746,0.0693238033358,0.0187386455065,0.031588464142,0.0407537942348,0.0128701774995,0.0220271317733,0.00920863112799,-0.0515677864658,-0.0566070871643,-0.0862220120877,-0.0985649210089,-0.106139944513
1.00430538672e-05,-0.0185277151763,0.0085133726187,-0.00190252360016,0.00906268699343,0.0467708300657,0.0783674513951,0.100302908186,0.116185911676,0.031588464142,0.0537268261116,0.0694845293712,0.022149126118,0.0378849761532,0.015837861541,-0.0517002041853,-0.074777061768,-0.123431615696,-0.146527528564,-0.159077779228
1.19706989939e-05,-0.0191848562772,0.0102220407943,-0.00209276226991,0.0133472037609,0.0589203823946,0.0996802060413,0.12816171428,0.149110015099,0.0407537942348,0.0694845293712,0.0902781947452,0.028748875732,0.0494918410836,0.0208712637379,-0.0822704503506,-0.118456994107,-0.180036818775,-0.2098538779,-0.225975062577
4.55493291015e-06,-0.0074062811883,0.00366536990108,-0.000852256185484,0.00293488491219,0.0182162141733,0.0310787774127,0.0402834111477,0.0469311823328,0.0128701774995,0.022149126118,0.028748875732,0.00928225418845,0.0158608105844,0.0066316639468,-0.00285792116596,-0.0203289918172,-0.0393043403274,-0.0499035959423,-0.0548053795951
6.44765111e-06,-0.00802732643217,0.00534978980777,-0.00104132274894,0.00723752271987,0.0303920776115,0.0524096683132,0.0681427124787,0.0798438854897,0.0220271317733,0.0378849761532,0.0494918410836,0.0158608105844,0.0274515566903,0.0116544005369,-0.0335972104562,-0.0640334394716,-0.0960863108114,-0.113381977367,-0.121934915014
1.98175278184e-06,-0.000829435784784,0.00175817997338,-0.000217771481254,0.00417217974394,0.0122332523478,0.0214392461923,0.0280178759685,0.0330969234827,0.00920863112799,0.015837861541,0.0208712637379,0.0066316639468,0.0116544005369,0.00506160184323,-0.0284083586881,-0.0418856727385,-0.0550419497522,-0.0618971787126,-0.0656117856599
0.000125480196036,-0.491620859154,0.144005808725,-0.0418649827703,-1.21271922081,-0.0824613513931,-0.138551837873,-0.134695054103,-0.172817443103,-0.0515677864658,-0.0517002041853,-0.0822704503506,-0.00285792116596,-0.0335972104562,-0.0284083586881,20.6816107995,17.4874971343,16.7500519115,15.8115022348,15.0879351733
0.000132622740099,-0.610821966107,0.125527099943,-0.0364817735333,-1.0841990434,-0.0467664715116,-0.106853284679,-0.121905609085,-0.172058324944,-0.0566070871643,-0.074777061768,-0.118456994107,-0.0203289918172,-0.0640334394716,-0.0418856727385,17.4874971343,15.5412242816,14.9319754872,14.1462260589,13.5824627806
0.000130830806651,-0.586069386553,0.122166878772,-0.0333157043947,-1.05047126198,-0.100662244122,-0.190246933137,-0.224351153615,-0.287043315316,-0.0862220120877,-0.123431615696,-0.180036818775,-0.0393043403274,-0.0960863108114,-0.0550419497522,16.7500519115,14.9319754872,14.4623866105,13.7367479733,13.2499948865
0.000155230818272,-0.45107931391,0.109923222647,-0.0338688627496,-0.998809474631,-0.115757108769,-0.217440556928,-0.262459286634,-0.331523256984,-0.0985649210089,-0.146527528564,-0.2098538779,-0.0499035959423,-0.113381977367,-0.0618971787126,15.8115022348,14.1462260589,13.7367479733,13.1046374921,12.6292785776
0.000143721111497,-0.581369943465,0.108159874726,-0.030013073107,-0.962172335247,-0.130179344696,-0.239265129712,-0.289328311572,-0.361752330985,-0.106139944513,-0.159077779228,-0.225975062577,-0.0548053795951,-0.121934915014,-0.0656117856599,15.0879351733,13.5824627806,13.2499948865,12.6292785776,12.2580879586
#
3.2976828654e-10,8.36518851129e-07,-1.0461778824e-07,-9.24293014254e-07,1.43861710063e-07,3.15257639961e-07,2.15326914908e-07,1.65434205705e-07,-1.58925781118e-09,-8.42473827076e-08,-1.71288583831e-07,-3.36484568412e-07,-9.10716270122e-08,-2.55226126957e-07,-1.58547032472e-07,1.04212850032e-05,-3.8695998033e-06,-3.22453668422e-06,-1.85138924732e-06,-5.8479134495e-06
8.36518851129e-07,0.472778885893,-0.00987156875251,0.00420869359218,-0.0363283627065,-0.069109824931,-0.105569709986,-0.130451575925,-0.14613155731,-0.036230249483,-0.0615639896575,-0.0781902862973,-0.0251901671006,-0.0420616049999,-0.0171303017065,0.793024763494,0.369346540939,0.486159891781,0.524547605982,0.632443292216
-1.0461778824e-07,-0.00987156875251,0.00773207103149,-0.00245067137829,-0.00768809286699,0.00699182962588,0.0115711248048,0.0149605894002,0.017896328221,0.00467868858859,0.00798726100187,0.0108576669757,0.00333202759454,0.00618816837522,0.00282880627249,-0.00211464537443,0.0966960486877,0.0995564028437,0.0810757279278,0.0591090605044
-9.24293014254e-07,0.00420869359218,-0.00245067137829,0.00425458830246,0.00217635843236,-0.00139157492902,-0.00143778849642,-0.00143908071463,-0.0014825622623,-0.000110928536973,2.91981554238e-05,-6.54058024085e-05,0.000102467445283,5.82145673932e-06,-6.97603386805e-05,-0.0580754275084,-0.016689557753,-0.0270601271551,-0.0249454247459,-0.0103340914416
1.43861710063e-07,-0.0363283627065,-0.00768809286699,0.00217635843236,0.0850288326939,-0.0123430001292,-0.0239445373068,-0.034900636835,-0.0428687985374,-0.0121177176242,-0.0226637163597,-0.029749581148,-0.0106078559685,-0.0174539183205,-0.00662718583278,-0.659548058849,-1.18746273869,-1.18544338271,-1.10589870555,-1.1815644818
3.15257639961e-07,-0.069109824931,0.00699182962588,-0.00139157492902,-0.0123430001292,0.0577559810197,0.0974475619578,0.130688725568,0.151965242844,0.0405042568013,0.0736608444447,0.0944130561672,0.0325297750078,0.053104229358,0.0210364037617,-0.166319410689,0.295046846741,0.14645574243,0.127641157288,0.0162275928014
2.15326914908e-07,-0.105569709986,0.0115711248048,-0.00143778849642,-0.0239445373068,0.0974475619578,0.167384555668,0.224957115922,0.262353363065,0.0702125640967,0.12806768133,0.164500795296,0.0567563558079,0.0928425401675,0.036884312458,-0.221321523737,0.550780503609,0.291571730749,0.259829774411,0.0755019285998
1.65434205705e-07,-0.130451575925,0.0149605894002,-0.00143908071463,-0.034900636835,0.130688725568,0.224957115922,0.304378004836,0.35501658768,0.0952084045843,0.174028096064,0.223733585501,0.0773074683559,0.126521140809,0.0502887673398,-0.241687658566,0.784250237485,0.430663853888,0.389006209281,0.145376429908
-1.58925781118e-09,-0.14613155731,0.017896328221,-0.0014825622623,-0.0428687985374,0.151965242844,0.262353363065,0.35501658768,0.415657050686,0.11148385009,0.203936613504,0.26249986412,0.0906873888087,0.148652954414,0.0592147957888,-0.252788474793,0.946062899349,0.533238896522,0.483211146142,0.202223760606
-8.42473827076e-08,-0.036230249483,0.00467868858859,-0.000110928536973,-0.0121177176242,0.0405042568013,0.0702125640967,0.0952084045843,0.11148385009,0.0300393701504,0.0549528417784,0.070784857438,0.0244711283919,0.0401370938909,0.0160013899384,-0.0594319533562,0.263492985782,0.152004723621,0.138526835783,0.0650551366915
-1.71288583831e-07,-0.0615639896575,0.00798726100187,2.91981554238e-05,-0.0226637163597,0.0736608444447,0.12806768133,0.174028096064,0.203936613504,0.0549528417784,0.100859021069,0.129905212142,0.044981171022,0.0737497665204,0.0293887233556,-0.084393307794,0.491701276787,0.285576482723,0.262405693638,0.129911858788
-3.36484568412e-07,-0.0781902862973,0.0108576669757,-6.54058024085e-05,-0.029749581148,0.0944130561672,0.164500795296,0.223733585501,0.26249986412,0.070784857438,0.129905212142,0.167708994036,0.057986391886,0.0952828629038,0.0380827833707,-0.0948814087063,0.63993061201,0.376276566391,0.345566319465,0.17593892005
-9.10716270122e-08,-0.0251901671006,0.00333202759454,0.000102467445283,-0.0106078559685,0.0325297750078,0.0567563558079,0.0773074683559,0.0906873888087,0.0244711283919,0.044981171022,0.057986391886,0.0201301820654,0.0329700643672,0.013136458339,-0.0212170952881,0.227161487657,0.134762730824,0.124900217855,0.0672877775588
-2.55226126957e-07,-0.0420616049999,0.00618816837522,5.82145673932e-06,-0.0174539183205,0.053104229358,0.0928425401675,0.126521140809,0.148652954414,0.0401370938909,0.0737497665204,0.0952828629038,0.0329700643672,0.0543388800703,0.0217348414283,-0.0344900319176,0.37148930595,0.222182728871,0.204918725224,0.110288120354
-1.58547032472e-07,-0.0171303017065,0.00282880627249,-6.97603386805e-05,-0.00662718583278,0.0210364037617,0.036884312458,0.0502887673398,0.0592147957888,0.0160013899384,0.0293887233556,0.0380827833707,0.013136458339,0.0217348414283,0.00884493135238,-0.0168708290699,0.142672035551,0.084102165385,0.0769907540687,0.0386970878929
1.04212850032e-05,0.793024763494,-0.00211464537443,-0.0580754275084,-0.659548058849,-0.166319410689,-0.221321523737,-0.241687658566,-0.252788474793,-0.0594319533562,-0.084393307794,-0.0948814087063,-0.0212170952881,-0.0344900319176,-0.0168708290699,28.701745282,8.73981814901,9.38724988255,9.48693781525,10.1850700699
-3.8695998033e-06,0.369346540939,0.0966960486877,-0.016689557753,-1.18746273869,0.295046846741,0.550780503609,0.784250237485,0.946062899349,0.263492985782,0.491701276787,0.63993061201,0.227161487657,0.37148930595,0.142672035551,8.73981814901,17.0545654968,16.5447796593,15.4525236652,16.3260838242
-3.22453668422e-06,0.486159891781,0.0995564028437,-0.0270601271551,-1.18544338271,0.14645574243,0.291571730749,0.430663853888,0.533238896522,0.152004723621,0.285576482723,0.376276566391,0.134762730824,0.222182728871,0.084102165385,9.38724988255,16.5447796593,16.5800650744,15.4628576964,16.6148326357
-1.85138924732e-06,0.524547605982,0.0810757279278,-0.0249454247459,-1.10589870555,0.127641157288,0.259829774411,0.389006209281,0.483211146142,0.138526835783,0.262405693638,0.345566319465,0.124900217855,0.204918725224,0.0769907540687,9.48693781525,15.4525236652,15.4628576964,14.6624951464,15.5738405629
-5.8479134495e-06,0.632443292216,0.0591090605044,-0.0103340914416,-1.1815644818,0.0162275928014,0.0755019285998,0.145376429908,0.202223760606,0.0650551366915,0.129911858788,0.17593892005,0.0672877775588,0.110288120354,0.0386970878929,10.1850700699,16.3260838242,16.6148326357,15.5738405629,17.2063507034
#
1.45629246158e-07,-1.94118577451e-05,4.66344676399e-07,-2.50831962977e-05,2.96096790741e-05,-5.47648417085e-06,-1.34994037287e-05,-2.06576259949e-05,-2.58468318043e-05,-8.02762782702e-06,-1.52350708772e-05,-2.03550364935e-05,-6.9369657227e-06,-1.22316320986e-05,-5.33855082454e-06,-5.29205661089e-05,-1.94771753151e-06,-1.83210969772e-06,1.23716226673e-05,-2.04420284819e-06
-1.94118577451e-05,1.04222498014,-0.0096245907113,0.0433783652773,-0.0487952270747,-0.162281358515,-0.228231493515,-0.272599744284,-0.285247249555,-0.0655300652488,-0.109796092403,-0.123676448861,-0.0443376245515,-0.0580128894356,-0.0144145997832,-0.0436052228472,0.000371545134096,0.001491240206,0.0416391871251,0.00106889115213
4.66344676399e-07,-0.0096245907113,0.0101925484965,-0.00068543799365,-0.0120755068162,0.00438385304983,0.00726817228142,0.00940231873659,0.0109263932894,0.00286127222613,0.00505521315695,0.00648661332739,0.00219759140457,0.00361815722493,0.00144332948483,0.00125325818726,0.00135652497805,0.00110829305786,-0.00218542101507,0.000961476354692
-2.50831962977e-05,0.0433783652773,-0.00068543799365,0.0152222950194,-0.0194467344287,0.00620975114587,0.0110511338358,0.0149875539424,0.0172045691366,0.00480795160623,0.00879585957096,0.0110402725988,0.00381545935614,0.00622775401763,0.00241666149181,0.0178729299682,0.000787419577414,0.000842190815573,-0.00607415998756,0.00104564611047
2.96096790741e-05,-0.0487952270747,-0.0120755068162,-0.0194467344287,0.245519750041,-0.0566512787561,-0.0842621286783,-0.101357721976,-0.109660402569,-0.0274720735999,-0.0445783444251,-0.0532385371112,-0.017150919291,-0.0260959997286,-0.00903828927669,-0.00296750293021,-0.0264373879653,-0.022692637618,0.00559943203185,-0.0200161323387
-5.47648417085e-06,-0.162281358515,0.00438385304983,0.00620975114587,-0.0566512787561,0.103433617645,0.15078836554,0.183549990964,0.196327515531,0.0473808451294,0.0798247460411,0.0938310729753,0.0322068060827,0.046469315106,0.0146747960845,0.0159115094266,0.00276093149178,0.00234231257964,-0.0204578990093,0.00275757641245
-1.34994037287e-05,-0.228231493515,0.00726817228142,0.0110511338358,-0.0842621286783,0.15078836554,0.222223544519,0.272164285235,0.292900336172,0.071329272624,0.120885080077,0.14336745482,0.0491666666056,0.0720185533417,0.023476745398,0.0335221604086,0.00436243139903,0.00368582379654,-0.0317334300314,0.00422170863261
-2.06576259949e-05,-0.272599744284,0.00940231873659,0.0149875539424,-0.101357721976,0.183549990964,0.272164285235,0.335019595713,0.361779212702,0.088574044221,0.15082638492,0.179766944862,0.0617223681673,0.0911133875559,0.0301823715501,0.0530560364514,0.00472772475733,0.00398860139355,-0.0404198683544,0.00470356224224
-2.58468318043e-05,-0.285247249555,0.0109263932894,0.0172045691366,-0.109660402569,0.196327515531,0.292900336172,0.361779212702,0.392279865329,0.0965308637433,0.164848236481,0.197501113295,0.0677282692743,0.100852247362,0.0339856107144,0.0629939175285,0.00550841755243,0.0046319728188,-0.0445244413817,0.00530570851069
-8.02762782702e-06,-0.0655300652488,0.00286127222613,0.00480795160623,-0.0274720735999,0.0473808451294,0.071329272624,0.088574044221,0.0965308637433,0.0239415835012,0.0410544434344,0.0495314742897,0.0169622525325,0.0255522983657,0.00880339217064,0.0177208730929,0.00152575872322,0.00128165078993,-0.0112438696826,0.00141177014828
-1.52350708772e-05,-0.109796092403,0.00505521315695,0.00879585957096,-0.0445783444251,0.0798247460411,0.120885080077,0.15082638492,0.164848236481,0.0410544434344,0.0707760599135,0.0856810286483,0.029426944221,0.0445277010604,0.0154784793421,0.0371460284938,0.00196200653379,0.0016427494504,-0.0199169895564,0.00194086134226
-2.03550364935e-05,-0.123676448861,0.00648661332739,0.0110402725988,-0.0532385371112,0.0938310729753,0.14336745482,0.179766944862,0.197501113295,0.0495314742897,0.0856810286483,0.104427591678,0.0357927495192,0.054752508395,0.0194141608702,0.0477235176772,0.00267392396128,0.00222768904534,-0.0242098714036,0.00250325662924
-6.9369657227e-06,-0.0443376245515,0.00219759140457,0.00381545935614,-0.017150919291,0.0322068060827,0.0491666666056,0.0617223681673,0.0677282692743,0.0169622525325,0.029426944221,0.0357927495192,0.0123321233612,0.0187742894453,0.00660570409856,0.0186247838692,0.000522099615368,0.000431816491103,-0.00852027436922,0.000583946132471
-1.22316320986e-05,-0.0580128894356,0.00361815722493,0.00622775401763,-0.0260959997286,0.046469315106,0.0720185533417,0.0911133875559,0.100852247362,0.0255522983657,0.0445277010604,0.054752508395,0.0187742894453,0.0291090062029,0.0105698131024,0.0294857853084,0.00125265316325,0.00103305426873,-0.0128940681206,0.00116537906006
-5.33855082454e-06,-0.0144145997832,0.00144332948483,0.00241666149181,-0.00903828927669,0.0146747960845,0.023476745398,0.0301823715501,0.0339856107144,0.00880339217064,0.0154784793421,0.0194141608702,0.00660570409856,0.0105698131024,0.00404855011552,0.011265796811,0.00069123456811,0.00056804828799,-0.00448404151324,0.000555856448087
-5.29205661089e-05,-0.0436052228472,0.00125325818726,0.0178729299682,-0.00296750293021,0.0159115094266,0.0335221604086,0.0530560364514,0.0629939175285,0.0177208730929,0.0371460284938,0.0477235176772,0.0186247838692,0.0294857853084,0.011265796811,0.265144995137,-0.00434975164723,-0.00469436752385,-0.020453392505,-0.00377293515452
-1.94771753151e-06,0.000371545134096,0.00135652497805,0.000787419577414,-0.0264373879653,0.00276093149178,0.00436243139903,0.00472772475733,0.00550841755243,0.00152575872322,0.00196200653379,0.00267392396128,0.000522099615368,0.00125265316325,0.00069123456811,-0.00434975164723,0.00946770537556,0.0077038551642,0.0018488799519,0.00641011179963
-1.83210969772e-06,0.001491240206,0.00110829305786,0.000842190815573,-0.022692637618,0.00234231257964,0.00368582379654,0.00398860139355,0.0046319728188,0.00128165078993,0.0016427494504,0.00222768904534,0.000431816491103,0.00103305426873,0.00056804828799,-0.00469436752385,0.0077038551642,0.0062870478974,0.00147979629193,0.00524035274347
1.23716226673e-05,0.0416391871251,-0.00218542101507,-0.00607415998756,0.00559943203185,-0.0204578990093,-0.0317334300314,-0.0404198683544,-0.0445244413817,-0.0112438696826,-0.0199169895564,-0.0242098714036,-0.00852027436922,-0.0128940681206,-0.00448404151324,-0.020453392505,0.0018488799519,0.00147979629193,0.0234704464417,0.00100632930039
-2.04420284819e-06,0.00106889115213,0.000961476354692,0.00104564611047,-0.0200161323387,0.00275757641245,0.00422170863261,0.00470356224224,0.00530570851069,0.00141177014828,0.00194086134226,0.00250325662924,0.000583946132471,0.00116537906006,0.000555856448087,-0.00377293515452,0.00641011179963,0.00524035274347,0.00100632930039,0.0043867012278
#
4.92129354393e-10,-1.37674371556e-07,-3.72680528451e-07,-9.90136690293e-07,3.13901758131e-08,5.12252516343e-07,8.39487130968e-07,1.10832367437e-06,1.23335105124e-06,3.81295631422e-07,5.95659622467e-07,7.07580037646e-07,2.13099226064e-07,3.39209425369e-07,1.28619985161e-07,3.48618076055e-05,2.51520878953e-07,3.80120591216e-07,1.43071467072e-06,-4.80219142657e-06
-1.37674371556e-07,1.43149367876,0.0761434352154,-0.00188621306089,-0.0365336372605,-0.0449159558742,-0.0700002650426,-0.0851029972476,-0.0923707102635,-0.0250489982625,-0.0408392970884,-0.0475601147499,-0.0157545808055,-0.0220756216865,-0.00668302206688,1.25003415756,0.521927455695,0.407792048764,0.385921444154,0.608822834699
-3.72680528451e-07,0.0761434352154,0.0262563953318,-0.00886779433564,-0.0019089903771,-0.0026484251554,-0.00623260004981,-0.00957259467769,-0.011710243193,-0.00362669420464,-0.0069987462521,-0.00918039106479,-0.00322609013784,-0.00522846700096,-0.00208045354084,0.114479824027,0.0153278319021,0.0128895117954,0.0293066341901,0.0135836312079
-9.90136690293e-07,-0.00188621306089,-0.00886779433564,0.00696099879141,0.000538218276519,-0.000145248358291,0.000735744486854,0.00169267315101,0.00251643493279,0.000774138690206,0.00188058631666,0.00272660763125,0.00102069666483,0.00176040653034,0.000764220093386,-0.0894291439705,-0.00593709939791,-0.00541734642444,-0.011225333006,-0.000404130534771
3.13901758131e-08,-0.0365336372605,-0.0019089903771,0.000538218276519,0.0243187083669,0.0105443366541,0.0138213017504,0.0148099283363,0.0150618564243,0.0032241984869,0.00434328381078,0.00503204473994,0.00110549012606,0.00172356606025,0.00067971460873,-0.25809816928,-0.31496249156,-0.279398309077,-0.180408624728,-0.258861841853
5.12252516343e-07,-0.0449159558742,-0.0026484251554,-0.000145248358291,0.0105443366541,0.0502578532807,0.0780815039192,0.0944712461845,0.10550438535,0.0286403669523,0.0448667098178,0.0560332072209,0.016293563301,0.0274355589155,0.0111303624688,0.276628629398,-0.114565719965,-0.111981214376,-0.0805520375106,-0.132723216126
8.39487130968e-07,-0.0700002650426,-0.00623260004981,0.000735744486854,0.0138213017504,0.0780815039192,0.124810516977,0.152975542433,0.172692788613,0.0472853017312,0.0754076605629,0.0952910400317,0.0281593676802,0.0479885300343,0.0198267471996,0.451792228783,-0.142891197533,-0.14233948097,-0.110351769485,-0.200657234995
1.10832367437e-06,-0.0851029972476,-0.00957259467769,0.00169267315101,0.0148099283363,0.0944712461845,0.152975542433,0.190624934664,0.216556625485,0.0596437026531,0.0964370704724,0.122865897733,0.0367610315127,0.063114379887,0.0263670462767,0.564408532404,-0.146447474209,-0.148102625567,-0.123024640396,-0.247559188916
1.23335105124e-06,-0.0923707102635,-0.011710243193,0.00251643493279,0.0150618564243,0.10550438535,0.172692788613,0.216556625485,0.248191332912,0.0685166878303,0.111707946447,0.143158797545,0.0431051477716,0.0744600794842,0.031383513329,0.639322432271,-0.143312511984,-0.146966167871,-0.129524937813,-0.276639449978
3.81295631422e-07,-0.0250489982625,-0.00362669420464,0.000774138690206,0.0032241984869,0.0286403669523,0.0472853017312,0.0596437026531,0.0685166878303,0.0190527821693,0.031184333924,0.0400904159098,0.0121237715414,0.0210040121577,0.0088886130883,0.188259650153,-0.027110761567,-0.0294432480175,-0.0292674996013,-0.0684665894793
5.95659622467e-07,-0.0408392970884,-0.0069987462521,0.00188058631666,0.00434328381078,0.0448667098178,0.0754076605629,0.0964370704724,0.111707946447,0.031184333924,0.0518730667996,0.0671642557374,0.0205650968626,0.0358299720107,0.015293213862,0.294599108302,-0.0326477218543,-0.0369161164856,-0.0430038509988,-0.115995526457
7.07580037646e-07,-0.0475601147499,-0.00918039106479,0.00272660763125,0.00503204473994,0.0560332072209,0.0952910400317,0.122865897733,0.143158797545,0.0400904159098,0.0671642557374,0.0875980508922,0.0269217204601,0.0472126745507,0.0203324919476,0.358140688628,-0.0350795866727,-0.0407748773019,-0.0528977993053,-0.148454296582
2.13099226064e-07,-0.0157545808055,-0.00322609013784,0.00102069666483,0.00110549012606,0.016293563301,0.0281593676802,0.0367610315127,0.0431051477716,0.0121237715414,0.0205650968626,0.0269217204601,0.00839379186567,0.0147112166698,0.0063509296047,0.106665080137,-0.00534783808071,-0.00735803803745,-0.0135313281436,-0.0462204042282
3.39209425369e-07,-0.0220756216865,-0.00522846700096,0.00176040653034,0.00172356606025,0.0274355589155,0.0479885300343,0.063114379887,0.0744600794842,0.0210040121577,0.0358299720107,0.0472126745507,0.0147112166698,0.0261116693133,0.0113724393784,0.17491171853,-0.00685909901563,-0.0104305012002,-0.0227110725999,-0.0780748582557
1.28619985161e-07,-0.00668302206688,-0.00208045354084,0.000764220093386,0.00067971460873,0.0111303624688,0.0198267471996,0.0263670462767,0.031383513329,0.0088886130883,0.015293213862,0.0203324919476,0.0063509296047,0.0113724393784,0.00509445652709,0.0676459814697,-0.00228805081155,-0.00374591557515,-0.00969565665749,-0.0329484793352
3.48618076055e-05,1.25003415756,0.114479824027,-0.0894291439705,-0.25809816928,0.276628629398,0.451792228783,0.564408532404,0.639322432271,0.188259650153,0.294599108302,0.358140688628,0.106665080137,0.17491171853,0.0676459814697,37.0346590973,4.30729269379,3.34478296774,2.59098630616,2.31460672444
2.51520878953e-07,0.521927455695,0.0153278319021,-0.00593709939791,-0.31496249156,-0.114565719965,-0.142891197533,-0.146447474209,-0.143312511984,-0.027110761567,-0.0326477218543,-0.0350795866727,-0.00534783808071,-0.00685909901563,-0.00228805081155,4.30729269379,4.15296252486,3.64990878962,2.34467761913,3.39327776653
3.80120591216e-07,0.407792048764,0.0128895117954,-0.00541734642444,-0.279398309077,-0.111981214376,-0.14233948097,-0.148102625567,-0.146966167871,-0.0294432480175,-0.0369161164856,-0.0407748773019,-0.00735803803745,-0.0104305012002,-0.00374591557515,3.34478296774,3.64990878962,3.2297529602,2.07295811017,2.98613040788
1.43071467072e-06,0.385921444154,0.0293066341901,-0.011225333006,-0.180408624728,-0.0805520375106,-0.110351769485,-0.123024640396,-0.129524937813,-0.0292674996013,-0.0430038509988,-0.0528977993053,-0.0135313281436,-0.0227110725999,-0.00969565665749,2.59098630616,2.34467761913,2.07295811017,1.39261483674,1.93381226815
-4.80219142657e-06,0.608822834699,0.0135836312079,-0.000404130534771,-0.258861841853,-0.132723216126,-0.200657234995,-0.247559188916,-0.276639449978,-0.0684665894793,-0.115995526457,-0.148454296582,-0.0462204042282,-0.0780748582557,-0.0329484793352,2.31460672444,3.39327776653,2.98613040788,1.93381226815,3.73881580929
#
1.55389518782e-08,8.18282740584e-05,-1.07415373143e-06,-1.17364915068e-05,-2.6275975033e-05,-1.75645473064e-05,-2.87403179922e-05,-3.14084024132e-05,-3.71884239306e-05,-1.15047317634e-05,-1.39025743109e-05,-1.97635755492e-05,-2.55438004349e-06,-7.96919917943e-06,-5.11659087912e-06,-9.20359640711e-06,0.000499435495689,0.000293429367308,0.000290144473541,8.21116212347e-05
8.18282740584e-05,2.29712801209,0.0128371062369,-0.0758375627886,-0.452068967694,-0.131520451949,-0.230597791585,-0.244787277009,-0.311522183567,-0.0998431535293,-0.109273774571,-0.182162694389,-0.0179692111735,-0.0764870041389,-0.055395418477,0.0401113592017,8.49853955789,4.42373143804,4.38265842941,3.29561237555
-1.07415373143e-06,0.0128371062369,0.0010936316891,0.00018471372131,-0.00436492135896,-0.00161536491818,-0.00129741545312,-0.000321694157575,0.000446091674222,0.000263294153246,0.00138325600976,0.0020793549667,0.00106352297832,0.001756211742,0.000797088694984,0.0339655325091,0.0455593690272,0.0326470902962,0.0303394671014,0.0159745051735
-1.17364915068e-05,-0.0758375627886,0.00018471372131,0.0149943901553,0.0578127187372,0.014514445662,0.0230902220364,0.0235734703945,0.0262364421981,0.00863647846269,0.00908224247902,0.0120651403608,0.000408465390074,0.003014281757,0.00209815917533,-0.429108750964,-0.693553268249,-0.538974114182,-0.532304547047,0.00852065844936
-2.6275975033e-05,-0.452068967694,-0.00436492135896,0.0578127187372,0.374826350846,0.0234624069878,0.038061343359,0.0197890564158,0.0198109962622,0.0135785435337,-0.00537549273203,-0.00254321573887,-0.0194562320672,-0.0176686678159,-0.00137216093835,-2.91838083524,-3.59433261726,-3.08921356721,-3.13273077447,-0.226526765107
-1.75645473064e-05,-0.131520451949,-0.00161536491818,0.014514445662,0.0234624069878,0.0343884450592,0.0512020761814,0.0566965703407,0.0634531978454,0.0179558541733,0.0228950583858,0.0297589742348,0.00554174150959,0.0114183729202,0.00543920193846,0.0491303532773,-0.706260219389,-0.343146031829,-0.30743262783,-0.103760274259
-2.87403179922e-05,-0.230597791585,-0.00129741545312,0.0230902220364,0.038061343359,0.0512020761814,0.0819144470294,0.0946745450233,0.108718697571,0.0312966719623,0.043790130504,0.0579345133373,0.0136658741005,0.0256022987007,0.0114592540899,0.127004544237,-1.23642317367,-0.575292731057,-0.514119984477,-0.227745110133
-3.14084024132e-05,-0.244787277009,-0.000321694157575,0.0235734703945,0.0197890564158,0.0566965703407,0.0946745450233,0.11778092924,0.13666270969,0.039041040941,0.0612816052256,0.08039713534,0.0238806946383,0.0397455730912,0.0157381279469,0.31909576532,-1.32892370831,-0.507867530609,-0.41819649733,-0.267330720546
-3.71884239306e-05,-0.311522183567,0.000446091674222,0.0262364421981,0.0198109962622,0.0634531978454,0.108718697571,0.13666270969,0.161791409718,0.0464117581218,0.0738666567271,0.098284388089,0.0295224479847,0.0498401963952,0.0203153825949,0.487840786735,-1.57954295636,-0.568214697191,-0.468145494011,-0.389359605554
-1.15047317634e-05,-0.0998431535293,0.000263294153246,0.00863647846269,0.0135785435337,0.0179558541733,0.0312966719623,0.039041040941,0.0464117581218,0.0136680966709,0.0212296326011,0.0285890055832,0.0081744095201,0.014326933016,0.00610071251836,0.0933482820049,-0.528173155231,-0.225935175815,-0.200102025103,-0.126097407021
-1.39025743109e-05,-0.109273774571,0.00138325600976,0.00908224247902,-0.00537549273203,0.0228950583858,0.043790130504,0.0612816052256,0.0738666567271,0.0212296326011,0.0389032628005,0.0511385773237,0.0186735898897,0.0286790809315,0.0103489747101,0.27513228499,-0.609681640455,-0.153871704337,-0.098703989356,-0.154746412814
-1.97635755492e-05,-0.182162694389,0.0020793549667,0.0120651403608,-0.00254321573888,0.0297589742348,0.0579345133373,0.08039713534,0.098284388089,0.0285890055832,0.0511385773237,0.0688801008973,0.0240174656245,0.0384601992712,0.0148747447023,0.425551434148,-0.888532915384,-0.236541546182,-0.171573658309,-0.282684502908
-2.55438004349e-06,-0.0179692111735,0.00106352297832,0.000408465390074,-0.0194562320672,0.00554174150959,0.0136658741005,0.0238806946383,0.0295224479847,0.0081744095201,0.0186735898897,0.0240174656245,0.0110447558406,0.015203157333,0.00459600258501,0.201692730767,-0.104022582821,0.0706794110539,0.101625659121,-0.0442250410144
-7.96919917943e-06,-0.0764870041389,0.001756211742,0.003014281757,-0.0176686678159,0.0114183729202,0.0256022987007,0.0397455730912,0.0498401963952,0.014326933016,0.0286790809315,0.0384601992712,0.015203157333,0.0233366448423,0.00844231952091,0.340365588995,-0.32410486457,0.00830104043483,0.0456255732528,-0.150116468162
