# XDGMM Model
# n_components  n_iter  tol  method   random_state
7,100,1e-05,astroML,None
# weights
0.385369505656,0.0262998655559,0.155557661831,0.0603353057865,0.00992307639751,0.201968165102,0.160546419672
# means
3.82570458485e-05,-0.0980663040225,-0.0267000100358,0.379212633328,0.20942581851,1.28025913153,1.92152781298,2.21552981805,2.49343721296,0.642091746485,0.936854175065,1.21155084173,0.293452153638,0.565946492096,0.273423723721,4.08536144195e-07,0.00182708332923,0.00208523603462,0.0151272484183,0.00116967836403
0.00111283219344,0.458653546572,-0.00712972868867,0.105309078699,-0.286402276153,1.11471325457,1.66697095747,1.90761323022,2.1501063478,0.551523341495,0.793029624269,1.03378313159,0.241237180503,0.481531207363,0.240586509687,12.2876236805,7.39300059509,6.90556462602,6.22010316369,6.92487225083
0.000106608975255,0.289815852609,0.0593070985581,0.189294396806,-0.120259404183,1.05945882744,1.58474365163,1.80273279611,2.04843652583,0.52604907253,0.742306952081,0.987186900035,0.216133501981,0.461068193014,0.243869349855,7.37492190558,6.37367229538,5.76053756282,5.21965045495,4.99703955882
3.45386838168e-05,0.191987076531,0.0276570262831,0.320225646062,-0.606932909974,1.05802880283,1.60052119244,1.81602993888,2.07226093122,0.544801734763,0.758316739317,1.00769707181,0.213430629966,0.461609113113,0.246320172314,18.5833352743,12.95961438,12.6373608898,11.7622102131,12.7093736476
2.27187265396e-05,-0.0554248620314,-0.036745114056,0.4424251786,-0.0379180496988,0.995474247286,1.41642636097,1.50158538671,1.66918325193,0.4150834006,0.505886247838,0.665959570562,0.0875991712237,0.245048839474,0.163393468831,19.2788584956,11.7586378607,6.44498182714,2.91980435082,5.03140800595
3.67706114137e-05,0.173675126458,-0.0077669846964,0.33061474964,0.00968159248701,1.06948389831,1.63241622875,1.88947241158,2.16309443723,0.564609773274,0.821484135738,1.09277396537,0.255545362108,0.524504748594,0.268736605226,6.25957886992,4.43544488163,3.79828742216,3.04588625487,3.44860087797
0.000149793644351,-0.145600166885,0.00265463400067,0.237436351867,-0.419157084496,1.40300306718,2.09457987102,2.41066282012,2.70697160338,0.693264063748,1.00854010065,1.30314961394,0.315244546942,0.609376745305,0.293377445762,0.22325621218,0.0748472936619,0.0635958918668,0.419408927991,0.0485611018764
# covars
8.3871471147e-10,-5.33647055384e-06,-7.38822921427e-08,-3.55938717118e-06,-1.10931726586e-06,5.63369048218e-07,6.16362398865e-07,2.99855908465e-07,3.64026128558e-07,4.29550761682e-08,-2.6189061635e-07,-2.34789328764e-07,-2.48634590854e-07,-2.22127960393e-07,-1.16546025494e-09,8.52806213552e-12,6.92455878942e-09,7.246628996e-09,-1.36736582723e-07,4.31299272548e-09
-5.33647055384e-06,1.06062067329,0.00359710121299,0.0526507333809,0.066176339698,-0.158542346684,-0.23644156026,-0.286673644466,-0.312746041426,-0.0786765190907,-0.128210437342,-0.154003566387,-0.0488749156105,-0.0756068099898,-0.0269643354606,-2.70809879113e-07,-0.000185516748174,-0.000206633530681,0.00047359564632,-0.000119328961684
-7.38822921427e-08,0.00359710121299,0.0109207327413,-0.00527466466817,-0.00330504366592,0.00401087499642,0.00578389907942,0.00685544674175,0.00743859789406,0.00178897162188,0.00277033288878,0.00348427880707,0.000986210565349,0.00172267309209,0.000705250686826,8.19396626081e-09,3.050303274e-05,2.85988942566e-05,-4.35123094988e-05,1.88431233289e-05
-3.55938717118e-06,0.0526507333809,-0.00527466466817,0.0305787499011,0.0223141995847,-0.00644629561122,-0.00909250647585,-0.00869163552002,-0.0101656195928,-0.00278422525915,-0.00228995073381,-0.00361503745544,0.000155585240669,-0.00116636328671,-0.00112942715233,-4.44955572117e-08,-9.530559032e-05,-0.000104239727802,0.000919028811588,-6.06393417892e-05
-1.10931726586e-06,0.066176339698,-0.00330504366592,0.0223141995847,0.175316860487,-0.047833980866,-0.0694964102765,-0.0844771238753,-0.0916218516054,-0.0226301158381,-0.0366379786307,-0.0449700699913,-0.0137999422447,-0.0220081846126,-0.00854351090517,-9.4753870834e-09,-0.000574840897805,-0.00063876855268,-0.000790428363879,-0.000371337444869
5.63369048218e-07,-0.158542346684,0.00401087499642,-0.00644629561122,-0.047833980866,0.151080162341,0.228551785477,0.280150753769,0.308878604076,0.0782127585888,0.129194804186,0.158181351077,0.0503075176057,0.0798175562905,0.0301418251349,1.24836687525e-10,0.000137999358137,0.000140552143036,0.000235831821729,8.95901006134e-05
6.16362398865e-07,-0.23644156026,0.00578389907942,-0.00909250647585,-0.0694964102765,0.228551785477,0.349850755159,0.430722711729,0.477011882108,0.121606719843,0.201807636489,0.248433768544,0.0790561098497,0.126470702524,0.0483910954612,1.44360846532e-09,0.000190645032188,0.000193349246068,0.000388075218197,0.000124080832891
2.99855908465e-07,-0.286673644466,0.00685544674175,-0.00869163552002,-0.0844771238753,0.280150753769,0.430722711729,0.533513068894,0.592010507517,0.151486606081,0.252539749531,0.311859706301,0.0994825147188,0.15976643961,0.0615207174393,1.75825181925e-09,0.000218518553014,0.000221172620124,0.000607265876667,0.000142496869944
3.64026128558e-07,-0.312746041426,0.00743859789406,-0.0101656195928,-0.0916218516054,0.308878604076,0.477011882108,0.592010507517,0.659337215086,0.169188593049,0.282605295305,0.350009545376,0.111613778094,0.180071167243,0.0698272363263,4.70504943215e-09,0.000230236260239,0.000232545924739,0.000659494732932,0.00015034574173
4.29550761682e-08,-0.0786765190907,0.00178897162188,-0.00278422525915,-0.0226301158381,0.0782127585888,0.121606719843,0.151486606081,0.169188593049,0.0437024619358,0.0731452416337,0.0909436028382,0.0289795966848,0.0470434789636,0.0184122832007,1.51618046369e-09,5.49703525616e-05,5.54462574633e-05,0.000161675672257,3.59975881518e-05
-2.6189061635e-07,-0.128210437342,0.00277033288878,-0.00228995073381,-0.0366379786307,0.129194804186,0.201807636489,0.252539749531,0.282605295305,0.0731452416337,0.123141698528,0.153401747302,0.0490862337409,0.0798027579739,0.0313215323937,1.62661742722e-09,8.03387350117e-05,8.04936043613e-05,0.000370135954108,5.27943428793e-05
-2.34789328764e-07,-0.154003566387,0.00348427880707,-0.00361503745544,-0.0449700699913,0.158181351077,0.248433768544,0.311859706301,0.350009545376,0.0909436028382,0.153401747302,0.191832338338,0.0613221920349,0.10024601205,0.0396669807554,4.39047060622e-09,9.50998063824e-05,9.52443015322e-05,0.000440348078325,6.25972125166e-05
-2.48634590854e-07,-0.0488749156105,0.000986210565349,0.000155585240669,-0.0137999422447,0.0503075176057,0.0790561098497,0.0994825147188,0.111613778094,0.0289795966848,0.0490862337409,0.0613221920349,0.0197204041174,0.0321194415579,0.0126560753363,3.03081815579e-10,2.59157701765e-05,2.56332525076e-05,0.000189966602636,1.7134697986e-05
-2.22127960393e-07,-0.0756068099898,0.00172267309209,-0.00116636328671,-0.0220081846126,0.0798175562905,0.126470702524,0.15976643961,0.180071167243,0.0470434789636,0.0798027579739,0.10024601205,0.0321194415579,0.0528521202345,0.0210962882512,3.14792269515e-09,4.05035955924e-05,4.01153513422e-05,0.000259721238223,2.68269314235e-05
-1.16546025494e-09,-0.0269643354606,0.000705250686826,-0.00112942715233,-0.00854351090517,0.0301418251349,0.0483910954612,0.0615207174393,0.0698272363263,0.0184122832007,0.0313215323937,0.0396669807554,0.0126560753363,0.0210962882512,0.00860990754651,2.50330651065e-09,1.49647333845e-05,1.49030633624e-05,8.03983313744e-05,9.94529733645e-06
8.52806213552e-12,-2.70809879113e-07,8.19396626081e-09,-4.44955572117e-08,-9.4753870834e-09,1.24836687525e-10,1.44360846532e-09,1.75825181925e-09,4.70504943215e-09,1.51618046369e-09,1.62661742722e-09,4.39047060622e-09,3.03081815579e-10,3.14792269515e-09,2.50330651065e-09,1.13500920284e-11,7.27952822603e-11,7.33104143806e-11,-1.37468563173e-09,4.42774029362e-11
6.92455878942e-09,-0.000185516748174,3.050303274e-05,-9.530559032e-05,-0.000574840897805,0.000137999358137,0.000190645032188,0.000218518553014,0.000230236260239,5.49703525616e-05,8.03387350117e-05,9.50998063824e-05,2.59157701765e-05,4.05035955924e-05,1.49647333845e-05,7.27952822603e-11,2.76252277044e-06,2.97679637274e-06,1.27771829088e-06,1.78025529995e-06
7.246628996e-09,-0.000206633530681,2.85988942566e-05,-0.000104239727802,-0.00063876855268,0.000140552143036,0.000193349246068,0.000221172620124,0.000232545924739,5.54462574633e-05,8.04936043613e-05,9.52443015322e-05,2.56332525076e-05,4.01153513422e-05,1.49030633624e-05,7.33104143806e-11,2.97679637274e-06,3.22368136081e-06,1.43831668318e-06,1.92054781973e-06
-1.36736582723e-07,0.00047359564632,-4.35123094988e-05,0.000919028811588,-0.000790428363879,0.000235831821729,0.000388075218197,0.000607265876667,0.000659494732932,0.000161675672257,0.000370135954108,0.000440348078325,0.000189966602636,0.000259721238223,8.03983313744e-05,-1.37468563173e-09,1.27771829088e-06,1.43831668318e-06,0.00145250239601,8.37357866068e-07
4.31299272548e-09,-0.000119328961684,1.88431233289e-05,-6.06393417892e-05,-0.000371337444869,8.95901006134e-05,0.000124080832891,0.000142496869944,0.00015034574173,3.59975881518e-05,5.27943428793e-05,6.25972125166e-05,1.7134697986e-05,2.68269314235e-05,9.94529733645e-06,4.42774029362e-11,1.78025529995e-06,1.92054781973e-06,8.37357866068e-07,1.14898967445e-06
#
3.22898756883e-06,-0.000637995181186,2.42581272824e-05,-5.79294683937e-05,2.44905360217e-05,0.000100530468755,0.000106148233709,8.72461185944e-05,7.34183100163e-05,5.6946074891e-06,-1.3735217299e-05,-2.61722096389e-05,-1.93639082252e-05,-3.16423754681e-05,-1.22817547544e-05,-0.00784037245583,-0.00321487680003,-0.00296602832259,-0.00281270515018,-0.00316960439632
-0.000637995181186,1.48129783102,-0.0433279532342,0.0296272983758,-0.131341131244,-0.169951557801,-0.242504509632,-0.28609359855,-0.307624659963,-0.072725591741,-0.115392032361,-0.138018230397,-0.042585144142,-0.0655314876465,-0.0228712691586,6.60827007051,4.16372753127,3.95127895294,3.31125647276,4.21063455807
2.42581272824e-05,-0.0433279532342,0.00572425813019,-0.00223274846959,-0.00302059166144,0.00833530625949,0.0112809086,0.0130607694732,0.0136013975273,0.00300448547469,0.00473461809745,0.00534729583175,0.00174296473465,0.00236232387706,0.000630401096964,-0.34705093318,-0.106492621776,-0.0992231534601,-0.10759794485,-0.121163674135
-5.79294683937e-05,0.0296272983758,-0.00223274846959,0.00347340794836,0.00103329378951,-0.00622890219066,-0.00697484634008,-0.00697439356293,-0.00624101951072,-0.000753962076784,-0.000721832360089,-9.3534120652e-05,3.09130435361e-05,0.00065802860111,0.00060642072797,0.490221765033,0.0928566512087,0.0799385644866,0.0814996068915,0.10714614624
2.44905360217e-05,-0.131341131244,-0.00302059166144,0.00103329378951,0.17576424397,0.037053883999,0.0628622574333,0.0809384704177,0.0958440472238,0.0257725204295,0.043494592425,0.0588303030518,0.017850939784,0.0333378423099,0.0152917857519,-1.83749302764,-1.96678472442,-1.97324303666,-1.62753385796,-2.0002838275
0.000100530468755,-0.169951557801,0.00833530625949,-0.00622890219066,0.037053883999,0.108819004392,0.157515404835,0.186115478822,0.200987168692,0.0490631043205,0.0773978137397,0.0926255636371,0.0285077301138,0.0438664963507,0.0152635974631,-2.06704211147,-1.21517682859,-1.17625449388,-1.04412024245,-1.2829567394
0.000106148233709,-0.242504509632,0.0112809086,-0.00697484634008,0.0628622574334,0.157515404835,0.233358188225,0.279577571053,0.305767799626,0.0762783354731,0.122094572017,0.148727922237,0.0460549031499,0.0729139646514,0.0266691498264,-2.70349770025,-1.81515705937,-1.77588203622,-1.5836917542,-1.9257188509
8.72461185944e-05,-0.28609359855,0.0130607694732,-0.00697439356292,0.0809384704177,0.186115478822,0.279577571053,0.337900755707,0.372228754885,0.093972938344,0.151737365095,0.186565914614,0.0580365016226,0.0931573316701,0.0348618427742,-3.0098746521,-2.1768887039,-2.14249048891,-1.91878587079,-2.32055351626
7.34183100163e-05,-0.307624659963,0.0136013975273,-0.00624101951072,0.0958440472238,0.200987168692,0.305767799626,0.372228754885,0.412803742775,0.105298441773,0.171145423436,0.212168485219,0.0661325423727,0.107499355395,0.0410476241058,-3.08402600806,-2.42009630176,-2.39498547875,-2.14766172956,-2.58422502096
5.6946074891e-06,-0.072725591741,0.00300448547469,-0.000753962076784,0.0257725204295,0.0490631043205,0.0762783354731,0.093972938344,0.105298441773,0.0273322797095,0.0448654117213,0.056278978996,0.0176010014103,0.029109268986,0.0114136643002,-0.641113112351,-0.601235999906,-0.600758700987,-0.540913633032,-0.644233924368
-1.3735217299e-05,-0.115392032361,0.00473461809745,-0.000721832360088,0.043494592425,0.0773978137397,0.122094572016,0.151737365095,0.171145423436,0.0448654117213,0.0742397921597,0.0937682678403,0.0294729444595,0.0491631014929,0.0195271266587,-0.939090533215,-0.957154604014,-0.961565134229,-0.870654127116,-1.03272614373
-2.61722096389e-05,-0.138018230397,0.00534729583175,-9.35341206516e-05,0.0588303030518,0.0926255636371,0.148727922237,0.186565914614,0.212168485219,0.056278978996,0.0937682678403,0.119496105529,0.037603337482,0.0635400559591,0.0257138611203,-1.03510199763,-1.20858199694,-1.22184421409,-1.10630511256,-1.30507894482
-1.93639082252e-05,-0.0425851441419,0.00174296473465,3.09130435362e-05,0.017850939784,0.0285077301138,0.0460549031499,0.0580365016226,0.0661325423727,0.0176010014103,0.0294729444595,0.037603337482,0.0119067120165,0.0201019175391,0.00812768979539,-0.30132734663,-0.358016311345,-0.362869433694,-0.331560920834,-0.390657484466
-3.16423754681e-05,-0.0655314876465,0.00236232387706,0.00065802860111,0.0333378423099,0.0438664963507,0.0729139646514,0.0931573316701,0.107499355395,0.029109268986,0.0491631014929,0.0635400559591,0.0201019175391,0.0345999627423,0.0143661268627,-0.399211209958,-0.611969909634,-0.625743603844,-0.569555525965,-0.665762467366
-1.22817547544e-05,-0.0228712691586,0.000630401096964,0.00060642072797,0.0152917857519,0.0152635974631,0.0266691498264,0.0348618427742,0.0410476241058,0.0114136643002,0.0195271266587,0.0257138611203,0.00812768979539,0.0143661268627,0.00618189021329,-0.0989029828376,-0.251315530625,-0.260094252868,-0.235622916808,-0.27242434038
-0.00784037245583,6.60827007051,-0.34705093318,0.490221765033,-1.83749302764,-2.06704211147,-2.70349770025,-3.0098746521,-3.08402600806,-0.641113112351,-0.939090533215,-1.03510199763,-0.30132734663,-0.399211209958,-0.0989029828376,105.00460159,43.6342725587,41.26092351,35.3145539927,45.462836201
-0.00321487680003,4.16372753127,-0.106492621776,0.0928566512086,-1.96678472442,-1.21517682859,-1.81515705937,-2.17688870391,-2.42009630176,-0.601235999906,-0.957154604014,-1.20858199694,-0.358016311345,-0.611969909634,-0.251315530625,43.6342725587,36.4920346473,35.7672808941,29.0855784162,36.2229566748
-0.00296602832259,3.95127895294,-0.0992231534601,0.0799385644866,-1.97324303666,-1.17625449388,-1.77588203622,-2.14249048891,-2.39498547875,-0.600758700987,-0.961565134229,-1.22184421409,-0.362869433694,-0.625743603844,-0.260094252868,41.26092351,35.7672808941,35.155781059,28.6384928973,35.5565769986
-0.00281270515018,3.31125647276,-0.107597944851,0.0814996068915,-1.62753385796,-1.04412024245,-1.5836917542,-1.91878587079,-2.14766172956,-0.540913633032,-0.870654127116,-1.10630511256,-0.331560920834,-0.569555525965,-0.235622916808,35.3145539927,29.0855784162,28.6384928973,23.9585965732,29.3526451323
-0.00316960439632,4.21063455807,-0.121163674135,0.10714614624,-2.0002838275,-1.2829567394,-1.9257188509,-2.32055351626,-2.58422502096,-0.644233924367,-1.03272614373,-1.30507894482,-0.390657484466,-0.665762467366,-0.27242434038,45.462836201,36.2229566748,35.5565769985,29.3526451323,36.4230262674
#
5.55375461486e-09,3.09354174636e-06,-3.75198802767e-06,-1.73711986826e-06,-4.14715100193e-07,2.15493710976e-06,2.88227330538e-06,3.3184633974e-06,3.36241816254e-06,7.2765091966e-07,1.15437452467e-06,1.27151879323e-06,4.12814756011e-07,5.58658173673e-07,1.63871539228e-07,-4.1416065603e-06,6.6689739555e-06,2.14925779314e-06,3.12805146134e-06,-2.83937241676e-06
3.09354174636e-06,0.647401357237,-0.000620847337226,0.000487523905391,0.0310691113626,-0.0500109455013,-0.0745123748338,-0.0881097699931,-0.0952989608092,-0.0244716308505,-0.0381587417079,-0.0457963457848,-0.0136960456697,-0.0213371483224,-0.00781399997747,-0.0385021116206,-0.454366157086,-0.410316906117,-0.328173337535,-0.388454489644
-3.75198802767e-06,-0.000620847337226,0.0279451964844,-0.00347164679803,-0.00333275047736,0.00232780991755,0.00360694432497,0.00507913638885,0.00510408666714,0.00122021796086,0.00278313462266,0.00294874035934,0.00155034981143,0.0017224406555,0.000215988853117,0.0977399963514,0.0495298162131,0.0460413318759,0.0550966882072,0.0472139178354
-1.73711986826e-06,0.000487523905391,-0.00347164679803,0.00182847672218,0.00135882801066,-0.000464734566629,-0.000272393535098,-0.000255229693158,0.00016538336234,0.000211971368492,0.000210654543153,0.000550049800332,8.79778621567e-06,0.00032327964586,0.000295469786717,-0.0222279553953,-0.0191694149325,-0.0152665015245,-0.0180165459518,-0.0131238082346
-4.14715100193e-07,0.0310691113626,-0.00333275047736,0.00135882801066,0.0925268551559,0.0114716458318,0.0208527879243,0.0261182468353,0.0317466691298,0.00926745471746,0.0149003661943,0.0199525538813,0.0057761328763,0.0106858511417,0.00491884343963,-1.51025045041,-1.30928864829,-1.23326722976,-1.1553272924,-1.09467331462
2.15493710976e-06,-0.0500109455013,0.00232780991755,-0.000464734566629,0.0114716458318,0.0565044870317,0.0893847764068,0.110170044003,0.124728891114,0.0330274978704,0.0540716761399,0.068722267916,0.0211474576982,0.0356186008681,0.0145917005286,-0.289047902155,-0.110435218022,-0.136851744452,-0.124143977787,-0.152606634157
2.88227330538e-06,-0.0745123748338,0.00360694432497,-0.000272393535098,0.0208527879243,0.0893847764068,0.144028430348,0.179394389776,0.204363193431,0.0545605477784,0.0904553633199,0.115499391754,0.0360214276921,0.0607265606516,0.0249403889436,-0.476108993049,-0.210669258299,-0.249867611229,-0.230752919108,-0.27831173568
3.3184633974e-06,-0.0881097699931,0.00507913638885,-0.000255229693158,0.0261182468353,0.110170044003,0.179394389776,0.226006039492,0.25836985533,0.0693569680289,0.116269191995,0.148830110055,0.0470189632386,0.079112991539,0.0324390105271,-0.566607742974,-0.262159376915,-0.31072369806,-0.289701636861,-0.352955348997
3.36241816254e-06,-0.0952989608092,0.00510408666714,0.00016538336234,0.0317466691298,0.124728891114,0.204363193431,0.25836985533,0.296516052194,0.0798150776141,0.134312022296,0.172296276943,0.0546012559499,0.0920233760638,0.0378328659912,-0.664409101928,-0.32702458454,-0.379444212722,-0.355697194959,-0.428214712292
7.2765091966e-07,-0.0244716308505,0.00122021796086,0.000211971368492,0.00926745471746,0.0330274978704,0.0545605477784,0.0693569680289,0.0798150776141,0.0216005849336,0.0365144083986,0.0469555978753,0.0149437503979,0.0252243891108,0.0103965328625,-0.184985429572,-0.098527588145,-0.111396754038,-0.105203407684,-0.124460344686
1.15437452467e-06,-0.0381587417079,0.00278313462266,0.000210654543153,0.0149003661943,0.0540716761399,0.0904553633199,0.116269191995,0.134312022296,0.0365144083986,0.0625263981672,0.0805207346771,0.0260072946632,0.0437209407897,0.0179397485679,-0.282084587437,-0.155121482006,-0.177221833532,-0.168690523991,-0.20351937466
1.27151879323e-06,-0.0457963457848,0.00294874035934,0.000550049800332,0.0199525538813,0.068722267916,0.115499391754,0.148830110055,0.172296276943,0.0469555978753,0.0805207346771,0.103938275958,0.033565947381,0.0565754222098,0.0233013598876,-0.370913613617,-0.21151062377,-0.238126609624,-0.227185042145,-0.271783886498
4.12814756011e-07,-0.0136960456697,0.00155034981143,8.79778621567e-06,0.0057761328763,0.0211474576982,0.0360214276921,0.0470189632386,0.0546012559499,0.0149437503979,0.0260072946632,0.033565947381,0.0110535281638,0.0184779085819,0.00753915549826,-0.0999811580967,-0.058699986994,-0.0678531609051,-0.065325797169,-0.0807863456723
5.58658173673e-07,-0.0213371483224,0.0017224406555,0.00032327964586,0.0106858511417,0.0356186008681,0.0607265606516,0.079112991539,0.0920233760638,0.0252243891108,0.0437209407897,0.0565754222098,0.0184779085819,0.0311366610862,0.0128092192147,-0.186623493224,-0.113251226991,-0.126962963204,-0.122064075997,-0.147212513914
1.63871539228e-07,-0.00781399997747,0.000215988853117,0.000295469786717,0.00491884343963,0.0145917005286,0.0249403889436,0.0324390105271,0.0378328659912,0.0103965328625,0.0179397485679,0.0233013598876,0.00753915549826,0.0128092192147,0.00535971320116,-0.0865001194222,-0.0544236852526,-0.0590891375511,-0.0567557454244,-0.0666298576638
-4.1416065603e-06,-0.0385021116206,0.0977399963514,-0.0222279553953,-1.51025045041,-0.289047902155,-0.476108993049,-0.566607742974,-0.664409101928,-0.184985429572,-0.282084587437,-0.370913613617,-0.0999811580967,-0.186623493224,-0.0865001194222,27.8080829116,21.5019880786,20.2429956553,18.8977026193,17.7113734097
6.6689739555e-06,-0.454366157086,0.0495298162131,-0.0191694149325,-1.30928864829,-0.110435218022,-0.210669258299,-0.262159376915,-0.32702458454,-0.098527588145,-0.155121482006,-0.21151062377,-0.058699986994,-0.113251226991,-0.0544236852526,21.5019880786,18.6960667734,17.5760672242,16.4608069111,15.566605538
2.14925779313e-06,-0.410316906117,0.0460413318759,-0.0152665015245,-1.23326722976,-0.136851744452,-0.249867611229,-0.31072369806,-0.379444212722,-0.111396754038,-0.177221833532,-0.238126609624,-0.0678531609051,-0.126962963204,-0.0590891375511,20.2429956553,17.5760672242,16.5620922737,15.5066943195,14.7037403196
3.12805146134e-06,-0.328173337535,0.0550966882072,-0.0180165459518,-1.1553272924,-0.124143977787,-0.230752919108,-0.289701636861,-0.355697194959,-0.105203407684,-0.168690523991,-0.227185042145,-0.065325797169,-0.122064075997,-0.0567557454244,18.8977026193,16.4608069111,15.5066943195,14.5600058198,13.7810798754
-2.83937241676e-06,-0.388454489644,0.0472139178354,-0.0131238082346,-1.09467331462,-0.152606634157,-0.27831173568,-0.352955348997,-0.428214712292,-0.124460344686,-0.20351937466,-0.271783886498,-0.0807863456723,-0.147212513914,-0.0666298576638,17.7113734097,15.566605538,14.7037403196,13.7810798754,13.1475252571
#
1.67799219539e-10,1.43023796745e-06,-1.26408759586e-07,-4.95516522565e-07,-4.09623317754e-07,6.2904876085e-07,1.00714720181e-06,1.36058107393e-06,1.61397763069e-06,3.91954592099e-07,7.36459554533e-07,1.02232830679e-06,3.39926650491e-07,6.25631810505e-07,2.92183574181e-07,2.73950185404e-05,1.33005476387e-05,4.84717767215e-06,7.02729359602e-06,2.83508506816e-06
1.43023796745e-06,0.76053401613,0.034811350527,-0.014970026299,-0.099006829727,-0.130641883697,-0.194891380102,-0.232392065585,-0.254432604366,-0.0631520402827,-0.102702999986,-0.125606349064,-0.0402017225706,-0.0624865830451,-0.0227202029816,-0.428767843858,1.55326197459,1.13846589527,1.43708640492,1.54946578535
-1.26408759586e-07,0.034811350527,0.0152185966619,-0.00518668529893,-0.0139500301527,-0.000427738525797,0.000204771216095,0.00205980170156,0.00326790301267,0.000873787621174,0.00232041729969,0.00344653662525,0.00141958814859,0.00257621853193,0.00118805413286,0.143951444292,0.215792635182,0.125752231209,0.158398591224,0.0514080020238
-4.95516522565e-07,-0.014970026299,-0.00518668529893,0.00438148184466,0.00443439355364,0.000698056665411,0.000935937214987,0.000491167142245,-7.95017297641e-05,0.000110157994388,-9.56584344155e-05,-0.000840707248191,-0.00021157223047,-0.000977928649558,-0.000766053072869,-0.121843607585,-0.0620729355524,-0.0375164727054,-0.0539476822686,-0.0107136201503
-4.09623317754e-07,-0.099006829727,-0.0139500301527,0.00443439355364,0.0735704621166,-0.0146654531588,-0.0242769480466,-0.0346386758269,-0.0397605025867,-0.0100506406974,-0.0200720366988,-0.0246417603456,-0.00975660977548,-0.0145396796289,-0.00488087973697,-0.844943295935,-0.830535206355,-0.742412665848,-0.901112436778,-0.68383779026
6.2904876085e-07,-0.130641883697,-0.000427738525797,0.000698056665411,-0.0146654531588,0.0744678638634,0.119489337992,0.154977884249,0.176258272729,0.0453849405412,0.0815075862206,0.102752670362,0.0359118056988,0.0567477061953,0.021396488393,0.842974288342,-0.0162499132069,0.11181552681,0.144969444843,-0.17943047214
1.00714720181e-06,-0.194891380102,0.000204771216095,0.000935937214987,-0.0242769480466,0.119489337992,0.195424775743,0.254902921271,0.291053362197,0.0753065651805,0.136267752249,0.172317441825,0.0605301153013,0.0958575523769,0.036286698336,1.36638312424,-0.00374744130408,0.195114475737,0.252928594823,-0.288390640308
1.36058107393e-06,-0.232392065585,0.00205980170156,0.000491167142245,-0.0346386758269,0.154977884249,0.254902921271,0.336093150742,0.384375400928,0.0997820479082,0.181734953793,0.230342021819,0.0812817627601,0.128923544829,0.0489264395794,1.81318381515,0.0605245374411,0.294290107415,0.377862332412,-0.348833882426
1.61397763069e-06,-0.254432604366,0.00326790301267,-7.95017297641e-05,-0.0397605025867,0.176258272729,0.291053362197,0.384375400928,0.441525242988,0.114641356377,0.209356057829,0.265770158152,0.0939059181992,0.149184042527,0.0567733136831,2.07734367765,0.079619063208,0.342056250396,0.439908421931,-0.400132709623
3.91954592099e-07,-0.0631520402827,0.000873787621174,0.000110157994388,-0.0100506406974,0.0453849405412,0.0753065651805,0.0997820479082,0.114641356377,0.0299279763541,0.0547290067085,0.0695292273254,0.0246203684623,0.0391180524875,0.0148926037195,0.529093261813,0.0214428958633,0.0878551363443,0.112981774359,-0.104921298623
7.36459554533e-07,-0.102702999986,0.00232041729969,-9.56584344155e-05,-0.0200720366988,0.0815075862206,0.136267752249,0.181734953793,0.209356057829,0.0547290067085,0.100877085801,0.128329369951,0.0456410870993,0.0725817418677,0.027675513047,0.975403052555,0.0799470870377,0.183849158128,0.233899775856,-0.169067185686
1.02232830679e-06,-0.125606349064,0.00344653662525,-0.000840707248191,-0.0246417603456,0.102752670362,0.172317441825,0.230342021819,0.265770158152,0.0695292273254,0.128329369951,0.16376080926,0.0582040412714,0.0927920855988,0.0355262876918,1.23979801336,0.0896830256361,0.225573912798,0.289500336674,-0.226730030292
3.39926650491e-07,-0.0402017225706,0.00141958814859,-0.00021157223047,-0.00975660977548,0.0359118056988,0.0605301153013,0.0812817627601,0.0939059181992,0.0246203684623,0.0456410870993,0.0582040412714,0.0208140798435,0.0331008344934,0.0126463195087,0.441627517592,0.0534601765684,0.0927292305704,0.117102580934,-0.0663207838273
6.25631810505e-07,-0.0624865830451,0.00257621853193,-0.000977928649558,-0.0145396796289,0.0567477061953,0.0958575523769,0.128923544829,0.149184042527,0.0391180524875,0.0725817418677,0.0927920855988,0.0331008344934,0.0529925025503,0.0203333064441,0.704984179119,0.0677311171378,0.136727164477,0.1751793093,-0.11972608174
2.92183574181e-07,-0.0227202029816,0.00118805413286,-0.000766053072869,-0.00488087973697,0.021396488393,0.036286698336,0.0489264395794,0.0567733136831,0.0148926037195,0.027675513047,0.0355262876918,0.0126463195087,0.0203333064441,0.0079845404279,0.2694400668,0.0151524702065,0.044987356855,0.0594064317455,-0.0550197185774
2.73950185404e-05,-0.428767843858,0.143951444292,-0.121843607585,-0.844943295935,0.842974288342,1.36638312424,1.81318381515,2.07734367765,0.529093261813,0.975403052555,1.23979801336,0.441627517592,0.704984179119,0.2694400668,20.1268564903,9.06604892667,8.23883030648,10.1767385174,4.69240475082
1.33005476387e-05,1.55326197459,0.215792635182,-0.0620729355524,-0.830535206355,-0.0162499132069,-0.00374744130408,0.0605245374411,0.079619063208,0.0214428958633,0.0799470870377,0.0896830256361,0.0534601765684,0.0677311171378,0.0151524702065,9.06604892667,16.5113766553,9.03795919503,10.5537762104,8.75451505129
4.84717767215e-06,1.13846589527,0.125752231209,-0.0375164727054,-0.742412665848,0.11181552681,0.195114475737,0.294290107415,0.342056250396,0.0878551363443,0.183849158128,0.225573912798,0.0927292305704,0.136727164477,0.044987356855,8.23883030648,9.03795919503,7.67436140825,9.24498283083,7.28106170871
7.02729359602e-06,1.43708640492,0.158398591224,-0.0539476822686,-0.901112436778,0.144969444843,0.252928594823,0.377862332412,0.439908421931,0.112981774359,0.233899775856,0.289500336674,0.117102580934,0.1751793093,0.0594064317455,10.1767385174,10.5537762104,9.24498283083,11.7463824,8.70947492753
2.83508506816e-06,1.54946578535,0.0514080020238,-0.0107136201503,-0.68383779026,-0.17943047214,-0.288390640308,-0.348833882426,-0.400132709623,-0.104921298623,-0.169067185686,-0.226730030292,-0.0663207838273,-0.11972608174,-0.0550197185774,4.69240475082,8.75451505129,7.28106170871,8.70947492753,8.74716169753
#
2.07538833478e-10,3.13400711068e-06,-3.53429398839e-07,-1.40733859652e-06,-2.16910199768e-06,-3.42286109615e-06,-5.30766913388e-06,-6.27970566177e-06,-7.11039344729e-06,-1.91643085582e-06,-2.78540170622e-06,-3.65508426902e-06,-8.87897742582e-07,-1.86347488502e-06,-7.71192906687e-07,3.49551523296e-05,-1.84900895347e-05,2.33233762835e-05,1.19604814831e-05,-7.58559918193e-05
3.13400711068e-06,0.0932935637796,0.00266296788444,-0.0216470356081,-0.0364956521883,-0.103866578651,-0.163591228146,-0.201767005788,-0.228763156922,-0.0609512366929,-0.0958519080494,-0.1237611793,-0.0350084685116,-0.0650321404871,-0.0256758489586,-0.885114153871,-0.803935350113,0.410955303463,0.385934811488,-0.501621837954
-3.53429398839e-07,0.00266296788444,0.00404003700102,0.00198494198367,-0.00489901304888,-0.00409829630399,-0.00716512707532,-0.00968761639713,-0.0114670676686,-0.00281337779315,-0.0053268255455,-0.00733655533262,-0.00228977682539,-0.0040928116164,-0.00186716749675,-0.0792079741978,0.000132720538399,0.0086919645734,0.0697299797863,0.145309363362
-1.40733859652e-06,-0.0216470356081,0.00198494198367,0.0118852300785,0.0234695194462,0.0310754731113,0.0489077959797,0.0599718106825,0.0679231133278,0.0174883902646,0.0281610489621,0.0368332450963,0.0107054897417,0.0194725410815,0.00767729683444,-0.345171289682,0.16883418624,-0.218968802234,-0.0721867531681,0.65510479371
-2.16910199768e-06,-0.0364956521882,-0.00489901304888,0.0234695194462,0.25223171389,0.087679015077,0.127258494734,0.145869272396,0.161577609695,0.0411536059925,0.0558223912821,0.0737856627696,0.0144181877059,0.0346425942901,0.0160198944223,-1.24642956494,-2.32903863347,-1.74249972998,-0.88886743141,1.58120824087
-3.42286109615e-06,-0.103866578651,-0.00409829630399,0.0310754731113,0.087679015077,0.144663336804,0.226370354077,0.282327910884,0.319221346309,0.0826204655002,0.135412804373,0.174602538462,0.052700012787,0.0926940660995,0.0358547227145,0.752096641203,0.745594723475,-0.781483372948,-0.462589249844,0.954065616428
-5.30766913388e-06,-0.163591228146,-0.00716512707532,0.0489077959797,0.127258494734,0.226370354077,0.358282785842,0.447420089942,0.506496696408,0.130931692268,0.21618518142,0.27906707906,0.0850125803135,0.148679716351,0.0574374901559,1.16795883572,1.36641912311,-1.15324736663,-0.690385317615,1.49480071138
-6.27970566177e-06,-0.201767005788,-0.00968761639713,0.0599718106825,0.145869272396,0.282327910884,0.447420089942,0.563356952808,0.637140038553,0.16425840228,0.274096215562,0.353643816403,0.109420404598,0.189253277109,0.0726158065574,1.58342141096,1.9241250129,-1.34476993135,-0.791478463696,1.75457151287
-7.11039344729e-06,-0.228763156922,-0.0114670676686,0.0679231133278,0.161577609695,0.319221346309,0.506496696408,0.637140038553,0.722861914151,0.186101147032,0.310854131037,0.401442378214,0.124239894693,0.214979984491,0.0826492969563,1.74705526886,2.24163212769,-1.49505031726,-0.892362264108,1.99993219489
-1.91643085582e-06,-0.0609512366929,-0.00281337779315,0.0174883902646,0.0411536059925,0.0826204655002,0.130931692268,0.16425840228,0.186101147032,0.0484538442744,0.079861402821,0.10307460976,0.0315395713601,0.0550406936324,0.0212220716291,0.495628207158,0.571823478667,-0.386221206807,-0.242914192404,0.496870106014
-2.78540170622e-06,-0.0958519080494,-0.0053268255455,0.0281610489621,0.0558223912821,0.135412804373,0.21618518142,0.274096215562,0.310854131037,0.079861402821,0.135934520188,0.175024592463,0.0555289165494,0.0943958194008,0.0359169971416,0.844886301351,1.16356952153,-0.544860323871,-0.316288412952,0.766043908459
-3.65508426902e-06,-0.1237611793,-0.00733655533262,0.0368332450963,0.0737856627696,0.174602538462,0.27906707906,0.353643816403,0.401442378214,0.10307460976,0.175024592463,0.226834831989,0.0715246844554,0.122036342374,0.0466570858762,0.969010640441,1.4965103875,-0.711125998511,-0.422031183382,1.05625573589
-8.87897742582e-07,-0.0350084685116,-0.00228977682539,0.0107054897417,0.0144181877059,0.052700012787,0.0850125803135,0.109420404598,0.124239894693,0.0315395713601,0.0555289165494,0.0715246844554,0.0239672850189,0.0390916321988,0.0145858922887,0.361802293526,0.58879844403,-0.158760091914,-0.0713273888812,0.267093788131
-1.86347488502e-06,-0.0650321404871,-0.0040928116164,0.0194725410815,0.0346425942901,0.0926940660995,0.148679716351,0.189253277109,0.214979984491,0.0550406936324,0.0943958194008,0.122036342374,0.0390916321988,0.0666038194689,0.0251540824856,0.523995504983,0.876502091254,-0.345130290091,-0.200024612782,0.548673735271
-7.71192906687e-07,-0.0256758489586,-0.00186716749675,0.00767729683444,0.0160198944223,0.0358547227145,0.0574374901559,0.0726158065574,0.0826492969563,0.0212220716291,0.0359169971416,0.0466570858762,0.0145858922887,0.0251540824856,0.0102611658488,0.149477407767,0.303395493377,-0.149307146587,-0.0971896056288,0.239623870781
3.49551523296e-05,-0.885114153871,-0.0792079741978,-0.345171289682,-1.24642956494,0.752096641203,1.16795883572,1.58342141096,1.74705526886,0.495628207158,0.844886301351,0.969010640441,0.361802293526,0.523995504983,0.149477407767,80.4375482723,16.0967364185,7.12214502067,0.428402238167,-49.0489841436
-1.84900895347e-05,-0.803935350113,0.000132720538401,0.16883418624,-2.32903863347,0.745594723475,1.36641912311,1.9241250129,2.24163212769,0.571823478667,1.16356952153,1.4965103875,0.58879844403,0.876502091254,0.303395493377,16.0967364185,46.3943521084,14.0346016337,7.19783775429,-1.43785461977
2.33233762835e-05,0.410955303463,0.00869196457341,-0.218968802234,-1.74249972998,-0.781483372948,-1.15324736663,-1.34476993135,-1.49505031726,-0.386221206807,-0.544860323871,-0.711125998511,-0.158760091914,-0.345130290091,-0.149307146587,7.12214502067,14.0346016337,12.6077465046,6.200655541,-12.814503907
1.19604814831e-05,0.385934811488,0.0697299797863,-0.0721867531681,-0.88886743141,-0.462589249844,-0.690385317615,-0.791478463696,-0.892362264108,-0.242914192404,-0.316288412952,-0.422031183382,-0.0713273888812,-0.200024612782,-0.0971896056288,0.428402238167,7.19783775429,6.200655541,5.38219069905,-3.04655282501
-7.58559918193e-05,-0.501621837954,0.145309363362,0.65510479371,1.58120824087,0.954065616428,1.49480071138,1.75457151287,1.99993219489,0.496870106014,0.766043908459,1.05625573589,0.267093788131,0.548673735271,0.239623870781,-49.0489841436,-1.43785461977,-12.814503907,-3.04655282501,49.1926800445
#
2.04949042144e-10,-1.70785446343e-06,1.13373290609e-07,-7.3091038383e-07,-1.70931736068e-07,-1.53330863383e-08,-1.01940447469e-07,-1.67558258498e-07,-2.72731476795e-07,-7.99888537415e-08,-1.57732720894e-07,-2.71410297058e-07,-5.93860248013e-08,-1.73363582609e-07,-1.10456787271e-07,7.12317605625e-06,3.96803966727e-07,1.72981716968e-06,2.50308459899e-06,1.05168994342e-06
-1.70785446343e-06,1.20511209699,0.0511305595277,0.00857703047133,-0.0122848339313,-0.0398557176996,-0.0647825664671,-0.0802858753325,-0.0911102569203,-0.0258988482553,-0.0410407957973,-0.0513830412035,-0.0152508583884,-0.02592983027,-0.010880096018,-0.0820485299325,0.194910197192,0.133956804779,0.160116129511,0.255417204381
1.13373290609e-07,0.0511305595277,0.0134078738302,-0.00501667189693,-0.00163987623381,0.00128706361578,0.00233178135388,0.00321213021078,0.00417601404373,0.00109639300356,0.00184524181262,0.00280075480683,0.000863211230108,0.00183617993188,0.000988002252258,0.131170829821,0.00123574614417,0.0196319926793,0.0221920857386,0.011093127774
-7.3091038383e-07,0.00857703047133,-0.00501667189693,0.00499682118009,0.000708262225025,-0.00070761076138,-0.000968506542551,-0.00124390738477,-0.00132158258619,-0.000315159993216,-0.000496926589774,-0.000551553211739,-0.000281707966686,-0.000345676410561,-9.68678253974e-05,-0.078735059301,0.00154421099251,-0.00861231669119,-0.0116175436193,0.000535648610904
-1.70931736068e-07,-0.0122848339313,-0.00163987623381,0.000708262225025,0.0337786543616,0.000203683244189,-0.00228268176321,-0.00371563595355,-0.00634285228485,-0.00260461474811,-0.00395952436271,-0.00628764275848,-0.00137899706042,-0.00369317129733,-0.00223260310645,-0.290041206235,-0.505656613605,-0.430316808498,-0.258544455686,-0.348735062718
-1.53330863383e-08,-0.0398557176996,0.00128706361578,-0.00070761076138,0.000203683244189,0.0464634444121,0.0754281993199,0.0946595568157,0.108265932672,0.0301518986258,0.0488450728498,0.0622661252421,0.018703072052,0.0322015641123,0.0134900007799,0.285564892683,-0.0145093511833,-0.000213017606914,-0.020049799122,-0.0432513594474
-1.01940447469e-07,-0.0647825664671,0.00233178135388,-0.000968506542551,-0.00228268176321,0.0754281993199,0.125857990814,0.159129612574,0.183464517208,0.0513633434138,0.0840766550291,0.108102593967,0.0326786655436,0.05680847037,0.0241248153652,0.44740198773,0.0152478229943,0.0326811454972,-0.0181157716651,-0.0491045021426
-1.67558258498e-07,-0.0802858753325,0.00321213021078,-0.00124390738477,-0.00371563595355,0.0946595568157,0.159129612574,0.203833140276,0.235724100526,0.0661738004339,0.109202967339,0.141133176144,0.0429272392979,0.0749753033125,0.0320520075203,0.520002146192,0.0330445535034,0.0518301712238,-0.0213025674965,-0.061214664864
-2.72731476795e-07,-0.0911102569203,0.00417601404373,-0.00132158258619,-0.00634285228485,0.108265932672,0.183464517208,0.235724100526,0.274689632837,0.0771688505986,0.12792639825,0.166023325325,0.0506085277274,0.088823008402,0.038226582179,0.579956118577,0.068579703718,0.0857026697166,-0.0122653061529,-0.0523837794292
-7.99888537415e-08,-0.0258988482553,0.00109639300356,-0.000315159993216,-0.00260461474811,0.0301518986258,0.0513633434138,0.0661738004339,0.0771688505986,0.0218061504015,0.0361552529596,0.0470265710384,0.014339124592,0.0252415453817,0.0109042953083,0.164514589952,0.0314987318358,0.0344924752478,0.00240540274824,-0.0057292587652
-1.57732720894e-07,-0.0410407957973,0.00184524181262,-0.000496926589774,-0.00395952436271,0.0488450728498,0.0840766550291,0.109202967339,0.12792639825,0.0361552529596,0.0605935780863,0.0791023646234,0.024291027642,0.0428783081746,0.0186035079979,0.236311632087,0.0483513747571,0.0526299590863,-0.00104804087484,-0.0177099213199
-2.71410297058e-07,-0.0513830412035,0.00280075480683,-0.000551553211739,-0.00628764275848,0.0622661252421,0.108102593967,0.141133176144,0.166023325325,0.0470265710384,0.0791023646234,0.103860037423,0.0319150693427,0.0566228956299,0.0247298042148,0.289409016745,0.0799224705348,0.0827275326428,0.00559080849896,-0.0120602568516
-5.93860248013e-08,-0.0152508583884,0.000863211230108,-0.000281707966686,-0.00137899706042,0.018703072052,0.0326786655436,0.0429272392979,0.0506085277274,0.014339124592,0.024291027642,0.0319150693427,0.00991349165027,0.0175294057093,0.00764931293199,0.0799263558357,0.0160781254822,0.0182869132297,-0.00280881942414,-0.0110146165065
-1.73363582609e-07,-0.02592983027,0.00183617993188,-0.000345676410561,-0.00369317129733,0.0322015641123,0.05680847037,0.0749753033125,0.088823008402,0.0252415453817,0.0428783081746,0.0566228956299,0.0175294057093,0.0313639537102,0.0137801206188,0.136178307032,0.0471108000381,0.0481717251326,0.00380699799314,-0.00529890414598
-1.10456787271e-07,-0.010880096018,0.000988002252258,-9.68678253974e-05,-0.00223260310645,0.0134900007799,0.0241248153652,0.0320520075203,0.038226582179,0.0109042953083,0.0186035079979,0.0247298042148,0.00764931293199,0.0137801206188,0.00621148881746,0.0552134373466,0.0299505138507,0.0288863942923,0.0059396279625,0.00458280648201
