# XDGMM Model
# n_components  n_iter  tol  method   random_state
6,100,1e-05,astroML,None
# labels
No labels
# weights
0.385332227478,0.109190448896,0.277688463011,0.0568709615072,0.15346072036,0.0174571787478
# means
3.5005838793e-05,-0.128899199692,-0.0273070372931,0.374731760765,0.22980354983,1.27281402766,1.90748271912,2.19508728663,2.47021908305,0.634985376736,0.923400124991,1.19614548176,0.287586312799,0.558345926127,0.271359957192,2.57913456875e-07,0.00142030296646,0.00165798045254,0.0163828619362,0.000868383062195
7.71063000174e-05,0.316601477282,-0.0140744437894,0.219670601298,-0.140526792697,1.09245177811,1.64084329961,1.86698802521,2.12033564808,0.550705190537,0.774392216271,1.0239973453,0.22278939351,0.472105629785,0.248330330789,11.2619533019,6.29892505933,6.01228223785,5.18016291573,5.47840691132
2.76810162645e-05,0.0986000451811,0.0371340937004,0.314727907712,-0.117400683798,1.04793299894,1.59207567762,1.82968675522,2.09213967132,0.544432337771,0.782163475514,1.04195480081,0.237099412488,0.494828355854,0.25703502664,7.25308854496,6.35769299883,5.55418457259,4.20220935022,5.13774643098
0.000486170988404,0.341188361319,0.0141890196123,0.12474893959,-0.0683759797378,1.10238133993,1.6508449055,1.8898968173,2.14253423906,0.548101958069,0.78692587389,1.03912987937,0.238527290376,0.490834589403,0.251856893146,6.21624515741,5.51903355865,5.0328467135,4.70161130441,4.52174396583
0.000107871218582,-0.189755893813,0.0167133376161,0.247610788461,-0.516134672535,1.43739741853,2.14788325243,2.47600525838,2.779354446,0.71234016564,1.03942363806,1.34107732622,0.326742324458,0.62696153488,0.299991428304,0.246968819042,0.0690222491515,0.0602233587597,0.0859707494311,0.0486668693013
2.92362476324e-05,0.700350354213,0.0302025313234,0.382264263802,-0.309349002192,1.01339629122,1.47648702103,1.61136464967,1.81258133497,0.461071569199,0.597816559791,0.794955205112,0.134353128462,0.332262575596,0.196828251832,17.1270479861,11.3688637913,8.10966306124,7.64905255771,8.87972195926
# covars
1.09577379721e-09,-4.52316408403e-06,1.18724164743e-07,-3.70916579039e-06,1.11808207136e-07,5.10587775386e-07,5.65335628761e-07,3.47885453314e-07,3.80960519519e-07,3.93743284001e-08,-1.68331220627e-07,-1.48817651464e-07,-1.63100640146e-07,-1.37010601207e-07,6.60021473308e-09,3.51025144414e-12,3.05370081516e-09,3.14784115284e-09,-1.68128263792e-07,1.90864402122e-09
-4.52316408403e-06,1.02901986991,-0.00380665417742,0.0480444162533,0.0476246001906,-0.157168219234,-0.236509474094,-0.287462019759,-0.315234724237,-0.0798632033036,-0.130230366612,-0.157844736214,-0.0497437817628,-0.0780258606994,-0.0285846745837,-1.19556337332e-07,-0.000105468474946,-0.0001176694827,-1.85448394495e-05,-6.58981829569e-05
1.18724164743e-07,-0.00380665417742,0.00942880132858,-0.00421170705241,-0.000340775253049,0.00534161535677,0.00753286702097,0.00883784367711,0.00948323494296,0.00219462021134,0.00343916184084,0.00416201560995,0.00124957206304,0.00199707484876,0.000726262674434,8.08722620803e-09,1.21185285303e-05,1.05153706875e-05,-0.000143693171772,7.40387028082e-06
-3.70916579039e-06,0.0480444162533,-0.00421170705241,0.0312271111579,0.0197994670145,-0.00858261339744,-0.0116818101002,-0.0112326932777,-0.0128147280829,-0.00309247976707,-0.00263571741339,-0.00407529251,0.000111476496028,-0.00132023975263,-0.00127405726615,-2.38964544156e-08,-6.98963476933e-05,-7.8142855477e-05,0.00120300281161,-4.29047218788e-05
1.11808207136e-07,0.0476246001906,-0.000340775253049,0.0197994670145,0.168784733811,-0.0435880345708,-0.0636058399156,-0.0763536473546,-0.0834320448686,-0.0208056464053,-0.032814300055,-0.0406545579387,-0.0118478734402,-0.0195184848302,-0.00789253432993,-2.63532732764e-10,-0.000422731851678,-0.000479184138533,-0.00103154661161,-0.000261419725928
5.10587775386e-07,-0.157168219234,0.00534161535677,-0.00858261339744,-0.0435880345708,0.157556074436,0.237245516266,0.289643494386,0.319149776795,0.0803609595541,0.132103323118,0.161768151804,0.0511345267404,0.0811831359854,0.0305076640843,6.90209850634e-09,0.000116227666036,0.000116698619441,0.000638292645183,7.28078945488e-05
5.65335628761e-07,-0.236509474094,0.00753286702097,-0.0116818101002,-0.0636058399156,0.237245516266,0.361374579976,0.443412114455,0.490919366397,0.124581488066,0.205805528833,0.253530412039,0.0802103448488,0.1285190063,0.0490259901883,6.69120377609e-09,0.000159050443482,0.000158895317435,0.00107255690673,0.000100068170891
3.47885453314e-07,-0.287462019759,0.00883784367711,-0.0112326932777,-0.0763536473546,0.289643494386,0.443412114455,0.547182647905,0.60711356443,0.154701623275,0.256835689037,0.317337558943,0.100749000867,0.161981399636,0.0621456679031,4.25249514261e-09,0.000179898187638,0.000178847736434,0.00150844761176,0.000113549219869
3.80960519519e-07,-0.315234724237,0.00948323494296,-0.0128147280829,-0.0834320448686,0.319149776795,0.490919366397,0.60711356443,0.675868515454,0.172819011939,0.287439552444,0.356261995443,0.113049007233,0.182673086837,0.0706397309322,2.84075541466e-09,0.000188983345213,0.000187560061633,0.00168675920879,0.000119596081055
3.93743284001e-08,-0.0798632033036,0.00219462021134,-0.00309247976707,-0.0208056464053,0.0803609595541,0.124581488066,0.154701623275,0.172819011939,0.044507499347,0.0742070656749,0.0923970445477,0.0292963683442,0.0476878108849,0.0186528422921,-2.94149349878e-10,4.43726643737e-05,4.39665691803e-05,0.000449124313495,2.82207758758e-05
-1.68331220627e-07,-0.130230366612,0.00343916184084,-0.00263571741339,-0.032814300055,0.132103323118,0.205805528833,0.256835689037,0.287439552444,0.0742070656749,0.124517716408,0.155282454896,0.0495236387514,0.0806458063022,0.0315764896292,-2.66747937158e-09,6.37419957419e-05,6.22689260264e-05,0.000870645132138,4.0781532648e-05
-1.48817651464e-07,-0.157844736214,0.00416201560995,-0.00407529251,-0.0406545579387,0.161768151804,0.253530412039,0.317337558943,0.356261995443,0.0923970445477,0.155282454896,0.194429195731,0.0619146844198,0.101455095291,0.0400999778866,-4.17330099705e-09,7.4243395184e-05,7.25987815629e-05,0.0010655846528,4.77016284844e-05
-1.63100640146e-07,-0.0497437817628,0.00124957206304,0.000111476496028,-0.0118478734402,0.0511345267404,0.0802103448488,0.100749000867,0.113049007233,0.0292963683442,0.0495236387514,0.0619146844198,0.0198877699727,0.0324138936561,0.0127196856386,-2.1029827398e-09,1.96653867606e-05,1.86413974483e-05,0.000397711085186,1.27328013043e-05
-1.37010601207e-07,-0.0780258606994,0.00199707484876,-0.00132023975263,-0.0195184848302,0.0811831359854,0.1285190063,0.161981399636,0.182673086837,0.0476878108849,0.0806458063022,0.101455095291,0.0324138936561,0.0534577297058,0.021319402412,-3.56913119094e-09,2.99537965752e-05,2.86649865278e-05,0.000593066725282,1.95261714686e-05
6.60021473308e-09,-0.0285846745837,0.000726262674434,-0.00127405726615,-0.00789253432993,0.0305076640843,0.0490259901883,0.0621456679031,0.0706397309322,0.0186528422921,0.0315764896292,0.0400999778866,0.0127196856386,0.021319402412,0.00872697881748,-1.60746923831e-09,1.04917361096e-05,1.02437152404e-05,0.000207555357513,6.92427116988e-06
3.51025144414e-12,-1.19556337332e-07,8.08722620803e-09,-2.38964544156e-08,-2.63532732765e-10,6.90209850634e-09,6.69120377609e-09,4.25249514261e-09,2.84075541466e-09,-2.94149349878e-10,-2.66747937158e-09,-4.17330099705e-09,-2.1029827398e-09,-3.56913119094e-09,-1.60746923831e-09,1.06538580932e-11,2.73483202726e-11,2.74224435878e-11,-1.05316546969e-09,1.63252378681e-11
3.05370081516e-09,-0.000105468474946,1.21185285303e-05,-6.98963476933e-05,-0.000422731851678,0.000116227666036,0.000159050443482,0.000179898187638,0.000188983345213,4.43726643737e-05,6.37419957419e-05,7.4243395184e-05,1.96653867606e-05,2.99537965752e-05,1.04917361096e-05,2.73483202726e-11,1.66770906472e-06,1.81415904054e-06,4.52337841964e-07,1.03347831056e-06
3.14784115284e-09,-0.0001176694827,1.05153706875e-05,-7.8142855477e-05,-0.000479184138533,0.000116698619441,0.000158895317435,0.000178847736434,0.000187560061633,4.39665691803e-05,6.22689260264e-05,7.25987815629e-05,1.86413974483e-05,2.86649865278e-05,1.02437152404e-05,2.74224435878e-11,1.81415904054e-06,1.98546781818e-06,6.12439718633e-07,1.12482160056e-06
-1.68128263792e-07,-1.85448394496e-05,-0.000143693171772,0.00120300281161,-0.00103154661161,0.000638292645183,0.00107255690673,0.00150844761176,0.00168675920879,0.000449124313495,0.000870645132138,0.0010655846528,0.000397711085186,0.000593066725282,0.000207555357513,-1.05316546969e-09,4.52337841964e-07,6.12439718633e-07,0.00148683870322,2.88186816451e-07
1.90864402122e-09,-6.58981829569e-05,7.40387028082e-06,-4.29047218788e-05,-0.000261419725928,7.28078945488e-05,0.000100068170891,0.000113549219869,0.000119596081055,2.82207758758e-05,4.0781532648e-05,4.77016284844e-05,1.27328013043e-05,1.95261714686e-05,6.92427116988e-06,1.63252378681e-11,1.03347831056e-06,1.12482160056e-06,2.88186816451e-07,6.41562681101e-07
#
1.22202827487e-09,1.8978388418e-06,-2.55681112214e-07,-1.22391933155e-06,-2.63100362122e-07,-1.99484268075e-06,-4.04352148822e-06,-5.43498441369e-06,-6.74149028557e-06,-2.01755611228e-06,-3.4902470734e-06,-4.81276866031e-06,-1.45712697437e-06,-2.73600902276e-06,-1.32715708166e-06,-7.55544954395e-05,1.45136665755e-05,-2.27415597026e-06,1.37115812271e-05,-2.64682613385e-06
1.8978388418e-06,0.452262585785,0.0100429481086,-0.00104196213452,0.00520166066481,-0.0241151285559,-0.0406080758977,-0.0519847007805,-0.0614468227363,-0.016353839079,-0.0278079285349,-0.0379944428339,-0.0114251051575,-0.0215126103766,-0.0103046685216,0.692343519556,-0.0505044263454,-0.0891772131202,-0.030743038927,-0.0570192357385
-2.55681112214e-07,0.0100429481086,0.0063355493719,-0.00176379609173,-0.0025673875642,0.00158450548382,0.00272906566328,0.00415418278044,0.00450367065763,0.00106268230755,0.00256468592158,0.00304434793728,0.00148869795572,0.00200882030425,0.000550344142573,-0.00848280738261,0.0481748170911,0.0291320009267,0.0354104389228,0.0250490098136
-1.22391933155e-06,-0.00104196213452,-0.00176379609173,0.00212163881846,0.000941277494699,0.00261860246935,0.00512846784238,0.00663389515264,0.00819904810312,0.002514049062,0.00408195364345,0.0055729954535,0.00155995583481,0.00298586575759,0.00146504825163,0.14147357855,-0.034307684358,-0.00571981322345,-0.0212116178828,0.00154305756317
-2.63100362122e-07,0.00520166066481,-0.0025673875642,0.000941277494699,0.0945354824832,0.0146066049704,0.0264017511067,0.0337918013976,0.0412373514123,0.0117207516956,0.0192636803072,0.0265020152298,0.00757819407663,0.0145832607142,0.00715319621662,-1.02180329928,-1.29645593003,-1.2587607849,-1.06425105422,-1.09519340253
-1.99484268075e-06,-0.0241151285559,0.00158450548382,0.00261860246935,0.0146066049704,0.0576648449436,0.0957581003114,0.123460589972,0.142753787469,0.0383921389619,0.0663499749482,0.0855778284645,0.0279909827887,0.0469174009866,0.0191491140729,0.0915543502949,-0.192365825594,-0.163879885151,-0.130759615035,-0.154526685503
-4.04352148822e-06,-0.0406080758977,0.00272906566328,0.00512846784238,0.0264017511067,0.0957581003114,0.162285777771,0.210272865366,0.244108248318,0.0660713276744,0.114880677954,0.148558475597,0.0488078173145,0.0819340973842,0.0335483125379,0.379106217612,-0.386290311908,-0.301929026276,-0.24691890256,-0.266364236769
-5.43498441369e-06,-0.0519847007805,0.00415418278044,0.00663389515264,0.0337918013976,0.123460589972,0.210272865366,0.274930085401,0.319386069744,0.086696419762,0.151593332741,0.196188456433,0.0648337657476,0.108700518299,0.0444402003679,0.671434380393,-0.52188758544,-0.389201588928,-0.316093132048,-0.330092928529
-6.74149028557e-06,-0.0614468227363,0.00450367065763,0.00819904810312,0.0412373514123,0.142753787469,0.244108248318,0.319386069744,0.372511825202,0.101211445116,0.177211270695,0.229646486019,0.0759009460291,0.127462643439,0.05225539972,0.859443932228,-0.649722169551,-0.47833242084,-0.39501504595,-0.400961679065
-2.01755611228e-06,-0.016353839079,0.00106268230755,0.002514049062,0.0117207516956,0.0383921389619,0.0660713276744,0.086696419762,0.101211445116,0.0276678892574,0.0484755110667,0.0628964468798,0.0207960701159,0.03497136268,0.014371102761,0.289655977575,-0.193031395296,-0.137227760089,-0.115010444434,-0.110799059789
-3.4902470734e-06,-0.0278079285349,0.00256468592158,0.00408195364345,0.0192636803072,0.0663499749482,0.114880677954,0.151593332741,0.177211270695,0.0484755110667,0.085569289003,0.111004251916,0.0369721725287,0.0620038726762,0.0253881687299,0.586013389045,-0.331423578732,-0.226181172085,-0.186485410612,-0.175944644168
-4.81276866031e-06,-0.0379944428339,0.00304434793728,0.0055729954535,0.0265020152298,0.0855778284645,0.148558475597,0.196188456433,0.229646486019,0.0628964468798,0.111004251916,0.144350431943,0.047975361703,0.0806741069788,0.0331735335221,0.758837791919,-0.454002640342,-0.312176825565,-0.263627971557,-0.245945125906
-1.45712697437e-06,-0.0114251051575,0.00148869795572,0.00155995583481,0.00757819407663,0.0279909827887,0.0488078173145,0.0648337657476,0.0759009460291,0.0207960701159,0.0369721725287,0.047975361703,0.0161346166306,0.0269400360819,0.0109799655771,0.290865593348,-0.138050580478,-0.0893932573895,-0.0716899944152,-0.0658369555674
-2.73600902276e-06,-0.0215126103766,0.00200882030425,0.00298586575759,0.0145832607142,0.0469174009866,0.0819340973842,0.108700518299,0.127462643439,0.03497136268,0.0620038726762,0.0806741069788,0.0269400360819,0.0453563227759,0.0186259675924,0.462061902186,-0.256892740493,-0.172567403798,-0.145985247219,-0.133441504066
-1.32715708166e-06,-0.0103046685216,0.000550344142573,0.00146504825163,0.00715319621662,0.0191491140729,0.0335483125379,0.0444402003679,0.05225539972,0.014371102761,0.0253881687299,0.0331735335221,0.0109799655771,0.0186259675924,0.00782972542791,0.17298206022,-0.121336391146,-0.0849136192236,-0.076278418435,-0.0691458876713
-7.55544954395e-05,0.692343519556,-0.00848280738261,0.14147357855,-1.02180329928,0.0915543502949,0.379106217612,0.671434380393,0.859443932228,0.289655977575,0.586013389045,0.758837791919,0.290865593348,0.462061902186,0.17298206022,78.1474185521,6.02621435387,13.1605171798,11.6916507868,15.7576580499
1.45136665755e-05,-0.0505044263454,0.0481748170911,-0.034307684358,-1.29645593003,-0.192365825594,-0.386290311908,-0.52188758544,-0.649722169551,-0.193031395296,-0.331423578732,-0.454002640342,-0.138050580478,-0.256892740493,-0.121336391146,6.02621435387,19.6543757089,17.4648034635,14.7872145026,14.2948017989
-2.27415597026e-06,-0.0891772131202,0.0291320009267,-0.00571981322345,-1.2587607849,-0.163879885151,-0.301929026276,-0.389201588928,-0.47833242084,-0.137227760089,-0.226181172085,-0.312176825565,-0.0893932573895,-0.172567403798,-0.0849136192236,13.1605171798,17.4648034635,16.8913603011,14.1482814593,14.5584327704
1.37115812271e-05,-0.030743038927,0.0354104389228,-0.0212116178828,-1.06425105422,-0.130759615035,-0.24691890256,-0.316093132048,-0.39501504595,-0.115010444434,-0.186485410612,-0.263627971557,-0.0716899944152,-0.145985247219,-0.076278418435,11.6916507868,14.7872145026,14.1482814593,12.2576565483,12.3231532209
-2.64682613385e-06,-0.0570192357385,0.0250490098136,0.00154305756317,-1.09519340253,-0.154526685503,-0.266364236769,-0.330092928529,-0.400961679064,-0.110799059789,-0.175944644168,-0.245945125906,-0.0658369555674,-0.133441504066,-0.0691458876713,15.7576580499,14.2948017989,14.5584327704,12.3231532209,13.2199503131
#
1.1964859721e-10,-1.35340164121e-06,-1.42045820039e-07,-4.41251719267e-07,1.59461230257e-07,7.34074998862e-08,1.22713454211e-07,1.86705503338e-07,2.17712911529e-07,5.89153893752e-08,1.05982634835e-07,1.47059094908e-07,4.7283283302e-08,9.00891658501e-08,4.72699137831e-08,-4.18730806637e-06,-2.93582554152e-06,-2.05321798625e-06,-9.47098105749e-07,-2.92113257015e-06
-1.35340164121e-06,1.10661813275,0.0367957970127,0.0101328629301,-0.00572776548636,-0.0726662716152,-0.107581762329,-0.126302199719,-0.137444161918,-0.0352714327029,-0.0540270509189,-0.0649158307231,-0.0188376647499,-0.0300008804757,-0.0112941502682,-0.471441329489,0.0167699449971,0.00433026450007,0.097661656045,0.0772575540794
-1.42045820039e-07,0.0367957970127,0.025828740091,-0.00981767923894,-0.0052111771166,0.000600248714342,6.29450257796e-05,-0.000135035315365,-0.0005418466346,-0.000538240929715,-0.000833369868192,-0.00125748941051,-0.000227793124716,-0.000532885055056,-0.00031112840285,0.141092596129,0.0722528363513,0.0716922156564,0.0571293782604,0.056285117322
-4.41251719267e-07,0.0101328629301,-0.00981767923894,0.00701718233862,0.0014716322549,0.000506110487228,0.00139157413596,0.00179765459582,0.00233657826594,0.000854062047907,0.00136818335425,0.00186038204498,0.000474676705546,0.000895180939694,0.000403822821907,-0.0567634838454,-0.0203518163314,-0.0233176840523,-0.0203424196656,-0.0130361056544
1.59461230257e-07,-0.00572776548636,-0.0052111771166,0.0014716322549,0.0929860780408,0.00220697758855,0.00283590425664,0.00432985722056,0.00389467003668,0.000650622916934,0.00214608670658,0.00232329699756,0.00143463566811,0.00164463513944,0.000325023623385,-1.6341862737,-1.38530124142,-1.2371853458,-0.787892862287,-1.15967566398
7.34074998862e-08,-0.0726662716152,0.000600248714342,0.000506110487228,0.00220697758855,0.0501963920837,0.0803874245225,0.100697411477,0.114172148108,0.0309154137787,0.0510203728612,0.064499965786,0.0199602286289,0.0333585377165,0.0135207338224,-0.0285003608787,0.00899074190678,-0.0110473478307,-0.0454225939842,-0.0641309393882
1.22713454211e-07,-0.107581762329,6.29450257796e-05,0.00139157413596,0.00283590425664,0.0803874245225,0.132257586325,0.167594538716,0.191602756204,0.0522511261011,0.0875043280252,0.111536511403,0.0349205051481,0.0587825148792,0.0241090312631,-0.0646104294449,0.0252859668704,-0.00768757400712,-0.0735321191796,-0.104872749563
1.86705503338e-07,-0.126302199719,-0.000135035315365,0.00179765459582,0.00432985722056,0.100697411477,0.167594538716,0.215661105835,0.247672762907,0.0678542850316,0.11498715406,0.147398534706,0.0466059085631,0.0787774719473,0.032534213039,-0.120132277239,0.0204849254249,-0.0190090063587,-0.104666780334,-0.153655956028
2.17712911529e-07,-0.137444161918,-0.0005418466346,0.00233657826594,0.00389467003668,0.114172148108,0.191602756204,0.247672762907,0.286290247045,0.0785556763606,0.133890970816,0.172218843557,0.0546741091982,0.0927040636332,0.0384748113945,-0.139408157292,0.0378816827275,-0.00781224392013,-0.114367074474,-0.168815304488
5.89153893752e-08,-0.0352714327029,-0.000538240929715,0.000854062047907,0.000650622916934,0.0309154137787,0.0522511261011,0.0678542850316,0.0785556763606,0.0216783686547,0.0370480272973,0.0477726781235,0.0152028142263,0.0258399335505,0.0107632512678,-0.037587363141,0.0162803482104,0.00325858926176,-0.0286391374136,-0.0417308870583
1.05982634835e-07,-0.0540270509189,-0.000833369868192,0.00136818335425,0.00214608670658,0.0510203728612,0.0875043280252,0.11498715406,0.133890970816,0.0370480272973,0.0641663344597,0.0831094169313,0.0267099761031,0.0455209530935,0.0190539295363,-0.0920663743853,0.0113442938295,-0.00823438614028,-0.0596011863998,-0.0898957823689
1.47059094908e-07,-0.0649158307231,-0.00125748941051,0.00186038204498,0.00232329699756,0.064499965786,0.111536511403,0.147398534706,0.172218843557,0.0477726781235,0.0831094169313,0.108095211804,0.0348188740261,0.0595168479368,0.0250225669392,-0.122286570122,0.0196832764551,-0.00511971827869,-0.0744971513596,-0.112759207673
4.7283283302e-08,-0.0188376647499,-0.000227793124716,0.000474676705546,0.00143463566811,0.0199602286289,0.0349205051481,0.0466059085631,0.0546741091982,0.0152028142263,0.0267099761031,0.0348188740261,0.011339748906,0.0193636580696,0.00815309319556,-0.052510468444,-0.00422760783619,-0.0107818554162,-0.0300716198088,-0.0467503024837
9.00891658501e-08,-0.0300008804757,-0.000532885055056,0.000895180939694,0.00164463513944,0.0333585377165,0.0587825148792,0.0787774719473,0.0927040636332,0.0258399335505,0.0455209530935,0.0595168479368,0.0193636580696,0.03329610786,0.01406777369,-0.0822923846713,0.00351668208254,-0.0081177987214,-0.0450649848154,-0.0698684028273
4.72699137831e-08,-0.0112941502682,-0.00031112840285,0.000403822821907,0.000325023623385,0.0135207338224,0.0241090312631,0.032534213039,0.0384748113945,0.0107632512678,0.0190539295363,0.0250225669392,0.00815309319556,0.01406777369,0.00605736491929,-0.0320052365307,0.0061673710196,0.00122563811237,-0.0161474724915,-0.0250081544409
-4.18730806637e-06,-0.471441329489,0.141092596129,-0.0567634838454,-1.6341862737,-0.0285003608787,-0.0646104294449,-0.120132277239,-0.139408157292,-0.037587363141,-0.0920663743853,-0.122286570122,-0.052510468444,-0.0822923846713,-0.0320052365307,34.5925532641,24.7555528612,21.9669910027,13.9929571209,20.7547849922
-2.93582554152e-06,0.0167699449971,0.0722528363513,-0.0203518163314,-1.38530124142,0.00899074190678,0.0252859668704,0.0204849254249,0.0378816827275,0.0162803482104,0.0113442938295,0.0196832764551,-0.0042276078362,0.00351668208254,0.0061673710196,24.7555528612,20.788494327,18.502730298,11.7203360524,17.3304437961
-2.05321798625e-06,0.00433026450007,0.0716922156564,-0.0233176840523,-1.2371853458,-0.0110473478307,-0.00768757400712,-0.0190090063587,-0.00781224392013,0.00325858926176,-0.00823438614028,-0.00511971827869,-0.0107818554162,-0.0081177987214,0.00122563811237,21.9669910027,18.502730298,16.5097395723,10.4813458389,15.4671549512
-9.47098105749e-07,0.097661656045,0.0571293782604,-0.0203424196656,-0.787892862287,-0.0454225939842,-0.0735321191796,-0.104666780334,-0.114367074474,-0.0286391374136,-0.0596011863998,-0.0744971513596,-0.0300716198088,-0.0450649848154,-0.0161474724915,13.9929571209,11.7203360524,10.4813458389,6.74651791146,9.88101483999
-2.92113257015e-06,0.0772575540794,0.056285117322,-0.0130361056544,-1.15967566398,-0.0641309393882,-0.104872749563,-0.153655956028,-0.168815304488,-0.0417308870583,-0.0898957823689,-0.112759207673,-0.0467503024837,-0.0698684028273,-0.0250081544409,20.7547849922,17.3304437961,15.4671549512,9.88101483999,14.7933648091
#
9.61096454891e-07,-0.000233759903706,2.27045320792e-06,-2.72010010373e-05,-5.92812566555e-05,4.04184833457e-05,4.41004765901e-05,3.87534310666e-05,3.06603986365e-05,3.54521793511e-06,-1.63730567433e-06,-9.60599753174e-06,-5.14946536194e-06,-1.31424035111e-05,-7.83441652206e-06,-0.000493423418329,-0.000433057705189,-0.000361639415982,-7.02547344815e-05,-0.000285209860779
-0.000233759903706,0.97728840278,-0.038105707932,0.0177112226126,-0.0671376243531,-0.0823502650211,-0.117909269521,-0.134768957692,-0.143226623783,-0.0357692737926,-0.0529178696138,-0.0614222731674,-0.0172343060148,-0.0257587522262,-0.00861518673718,1.48370569408,1.31839489905,1.21937731821,1.18903424941,1.11578262322
2.27045320792e-06,-0.038105707932,0.01651039571,-0.00295699636979,-0.00744727100174,0.00849007184549,0.0129317566548,0.0162101309433,0.0175728370828,0.0045097609628,0.00778498508188,0.00925924279247,0.00327658587309,0.00474183812104,0.00151280898852,0.109994600549,0.100148491463,0.0820941921018,0.0708548482192,0.0668386238156
-2.72010010373e-05,0.0177112226126,-0.00295699636979,0.00251860551463,0.00765329668519,-0.00435301635305,-0.00568697958977,-0.00649250431974,-0.00628487902673,-0.00132621163738,-0.00214730185871,-0.00197400025645,-0.000823409246132,-0.000649961797263,0.000154072379027,-0.0635846420036,-0.0575732421205,-0.0548186330106,-0.0625219326192,-0.0523679480249
-5.92812566555e-05,-0.0671376243531,-0.00744727100174,0.00765329668519,0.13585653975,0.0137687343155,0.0248122982602,0.0296261064462,0.0371339653219,0.0109146129233,0.0159588791425,0.0232015144678,0.00512305257773,0.0123739959592,0.00717641679031,-1.92635479687,-1.73181673041,-1.64279887111,-1.60720452758,-1.53360991533
4.04184833457e-05,-0.0823502650211,0.00849007184548,-0.00435301635305,0.0137687343155,0.0692867198652,0.104130109313,0.124773796431,0.137055679647,0.0351113227302,0.0557247780637,0.068180061301,0.0206837697146,0.033137729079,0.0125059936193,-0.423246559723,-0.39304146441,-0.397725963322,-0.354719916043,-0.394765916869
4.41004765901e-05,-0.117909269521,0.0129317566548,-0.00568697958977,0.0248122982603,0.104130109313,0.159537056341,0.193341349522,0.214480230167,0.0556982153956,0.0894796853064,0.1108446906,0.0338697307001,0.0552189689937,0.0214450491101,-0.648102359943,-0.608625850442,-0.62208365623,-0.568600743377,-0.622981643813
3.87534310666e-05,-0.134768957692,0.0162101309433,-0.00649250431974,0.0296261064462,0.124773796431,0.193341349522,0.23638736577,0.263630219094,0.0689977799866,0.111875088101,0.139420936014,0.0429648846029,0.0704773701389,0.0276505755897,-0.737650217622,-0.700082698396,-0.724095483792,-0.670015993307,-0.732299376564
3.06603986365e-05,-0.143226623783,0.0175728370828,-0.00628487902673,0.0371339653219,0.137055679647,0.214480230167,0.263630219094,0.295704274137,0.0779089085895,0.126910520446,0.159171274482,0.0490877738487,0.08130419308,0.0323750497325,-0.842348596873,-0.803038173314,-0.832874414064,-0.780778336936,-0.844521690482
3.54521793511e-06,-0.0357692737926,0.0045097609628,-0.00132621163738,0.0109146129233,0.0351113227302,0.0556982153956,0.0689977799866,0.0779089085895,0.0207193826906,0.0339704445861,0.0429355168211,0.0132715946553,0.0222220152694,0.00899459014517,-0.22307983764,-0.214062891754,-0.223097047975,-0.21277293561,-0.227227051273
-1.63730567433e-06,-0.0529178696138,0.00778498508188,-0.00214730185871,0.0159588791425,0.0557247780637,0.0894796853064,0.111875088101,0.126910520446,0.0339704445861,0.0562828068127,0.071393629889,0.0223271490247,0.0374086367954,0.0151677319356,-0.316447434884,-0.308853260487,-0.328143962363,-0.316989767531,-0.339239872436
-9.60599753174e-06,-0.0614222731674,0.00925924279247,-0.00197400025644,0.0232015144678,0.068180061301,0.1108446906,0.139420936014,0.159171274482,0.0429355168211,0.071393629889,0.0912300014878,0.0284745068778,0.0482599518517,0.0198923146093,-0.417567853965,-0.408532198029,-0.433876031741,-0.42474382776,-0.448670370799
-5.14946536194e-06,-0.0172343060148,0.00327658587309,-0.000823409246132,0.00512305257773,0.0206837697146,0.0338697307001,0.0429648846029,0.0490877738487,0.0132715946553,0.0223271490247,0.0284745068778,0.00905780144724,0.0151857261386,0.00617185639069,-0.0948715579755,-0.0961147061786,-0.106300093439,-0.105345906261,-0.113178983958
-1.31424035111e-05,-0.0257587522262,0.00474183812104,-0.000649961797263,0.0123739959592,0.033137729079,0.0552189689937,0.0704773701389,0.08130419308,0.0222220152694,0.0374086367954,0.0482599518517,0.0151857261386,0.0260165412445,0.0108856493342,-0.196061903715,-0.195834715932,-0.212051506764,-0.213101784222,-0.222611812326
-7.83441652206e-06,-0.00861518673718,0.00151280898852,0.000154072379027,0.00717641679031,0.0125059936193,0.0214450491101,0.0276505755897,0.0323750497325,0.00899459014517,0.0151677319356,0.0198923146093,0.00617185639069,0.0108856493342,0.00474215130333,-0.100283389359,-0.0989665071273,-0.10512829422,-0.107157040636,-0.108917675019
-0.000493423418329,1.48370569408,0.10999460055,-0.0635846420036,-1.92635479687,-0.423246559723,-0.648102359943,-0.737650217622,-0.842348596873,-0.22307983764,-0.316447434884,-0.417567853965,-0.0948715579755,-0.196061903715,-0.100283389359,33.0649511937,29.636206024,27.9586274902,26.2732865348,25.9528603003
-0.000433057705188,1.31839489905,0.100148491463,-0.0575732421206,-1.73181673041,-0.39304146441,-0.608625850442,-0.700082698395,-0.803038173314,-0.214062891754,-0.308853260487,-0.408532198029,-0.0961147061786,-0.195834715932,-0.0989665071273,29.636206024,26.6055227055,25.14016562,23.6433943318,23.3722082042
-0.000361639415982,1.21937731821,0.0820941921018,-0.0548186330106,-1.64279887111,-0.397725963322,-0.62208365623,-0.724095483792,-0.832874414065,-0.223097047976,-0.328143962363,-0.433876031741,-0.106300093439,-0.212051506764,-0.10512829422,27.9586274902,25.14016562,23.8293632102,22.4457161056,22.2161085548
-7.02547344815e-05,1.18903424941,0.0708548482193,-0.0625219326192,-1.60720452758,-0.354719916042,-0.568600743377,-0.670015993307,-0.780778336937,-0.21277293561,-0.316989767531,-0.42474382776,-0.105345906261,-0.213101784222,-0.107157040636,26.2732865348,23.6433943318,22.4457161056,21.3464939771,20.9614722502
-0.000285209860779,1.11578262322,0.0668386238156,-0.0523679480248,-1.53360991533,-0.394765916868,-0.622981643813,-0.732299376564,-0.844521690482,-0.227227051273,-0.339239872436,-0.448670370799,-0.113178983958,-0.222611812326,-0.108917675019,25.9528603003,23.3722082042,22.2161085548,20.9614722502,20.7671025602
#
2.40495024053e-08,-3.73938199578e-06,-1.34683009776e-06,-1.08146442025e-05,8.97481167568e-06,-6.53950621664e-06,-1.23219138701e-05,-1.67555973004e-05,-1.9799553648e-05,-5.86403272907e-06,-1.02395939891e-05,-1.32312194336e-05,-4.32405395035e-06,-7.27853634812e-06,-3.02836504256e-06,-1.48108282483e-05,-3.90235645935e-07,-3.25137931288e-07,5.49646709708e-06,-1.46450655244e-07
-3.73938199578e-06,1.10258530791,0.010853287966,0.024186752054,0.00678219394141,-0.162835300853,-0.230216390353,-0.273660810683,-0.289117052781,-0.0668768998622,-0.110622834239,-0.125440936997,-0.0436722756491,-0.0594692920141,-0.0161947545226,-0.044151955703,-0.00127070120852,-0.00153400234175,0.0255341593048,-0.00135567655231
-1.34683009776e-06,0.010853287966,0.0198541344032,-0.00351230540288,-0.000731702651143,0.00118507025892,0.00210204260034,0.00293458339984,0.00396495829625,0.000928233293664,0.00178547618848,0.00274530114395,0.000854780054733,0.00176201215958,0.000926233935376,-0.00699717498242,-0.000597486700577,-0.000579542722091,-0.00206994747558,-0.000561216118551
-1.08146442025e-05,0.024186752054,-0.00351230540288,0.012950412401,-0.00982064589175,0.00249575592193,0.00583208115714,0.0078598191158,0.0095184846186,0.00339062230756,0.00538645220153,0.00701844160929,0.00200489767426,0.00360553394616,0.00159972658398,0.0112476453686,0.00141585757343,0.00111835377857,-0.00281898796859,0.000996701864493
8.97481167568e-06,0.00678219394141,-0.000731702651143,-0.00982064589175,0.150830700721,-0.0210093265859,-0.035026927879,-0.0431428395396,-0.0491107641478,-0.0138596514441,-0.0219725738856,-0.0277819662935,-0.00835783151917,-0.0144391017334,-0.00602785607552,-0.00240631426053,-0.0253897911543,-0.0217838669896,-0.00492965396846,-0.018827107675
-6.53950621664e-06,-0.162835300853,0.00118507025892,0.00249575592193,-0.0210093265859,0.0785282041943,0.115828671199,0.140085282047,0.150904843399,0.037367043585,0.0615042384755,0.0724676249697,0.0241705321142,0.0355893579901,0.0116021555072,0.0105932866752,0.00354133908441,0.00275407167749,-0.0109813750869,0.00248310761208
-1.23219138701e-05,-0.230216390353,0.00210204260034,0.00583208115714,-0.035026927879,0.115828671199,0.173564023087,0.211150337555,0.229130771546,0.0574163452748,0.0949901318769,0.11315922652,0.0376144328841,0.056430156127,0.0191056969846,0.0174876239876,0.00580382775954,0.004537184618,-0.0170681001336,0.00400056323172
-1.67555973004e-05,-0.273660810683,0.00293458339984,0.0078598191158,-0.0431428395396,0.140085282047,0.211150337555,0.258407787143,0.281295516966,0.07088572554,0.117745858891,0.1410358005,0.0468835938083,0.0709395917531,0.0244304682976,0.0220618030072,0.00685840397248,0.00534559251196,-0.0212382127215,0.00464432001966
-1.9799553648e-05,-0.289117052781,0.00396495829625,0.0095184846186,-0.0491107641478,0.150904843399,0.229130771546,0.281295516966,0.307894093239,0.0780182563108,0.12994287977,0.156588037038,0.051947959001,0.0793955789032,0.0278644596455,0.024844574924,0.0078262589456,0.006119649952,-0.0234038725272,0.00525738874319
-5.86403272907e-06,-0.0668768998622,0.000928233293664,0.00339062230756,-0.0138596514441,0.037367043585,0.0574163452748,0.07088572554,0.0780182563108,0.0200030999801,0.0334069385247,0.0405881841271,0.0134149507181,0.0207868725274,0.00747896945448,0.00690293640884,0.00220721976571,0.00173573554252,-0.00603679859742,0.00147523261787
-1.02395939891e-05,-0.110622834239,0.00178547618848,0.00538645220153,-0.0219725738856,0.0615042384755,0.0949901318769,0.117745858891,0.12994287977,0.0334069385247,0.0560588149554,0.0683423013874,0.0226367452929,0.0352345154237,0.0127884476064,0.0114773017329,0.00329008706728,0.00256890392274,-0.0102264351999,0.00214182774352
-1.32312194336e-05,-0.125440936997,0.00274530114395,0.00701844160929,-0.0277819662935,0.0724676249697,0.11315922652,0.1410358005,0.156588037038,0.0405881841271,0.0683423013874,0.0839955758944,0.0277418718876,0.0437306136013,0.0162230736226,0.0142052580131,0.00420011910346,0.00329288822072,-0.0124044149548,0.00271059176375
-4.32405395035e-06,-0.0436722756491,0.000854780054733,0.00200489767426,-0.00835783151917,0.0241705321142,0.0376144328841,0.0468835938083,0.051947959001,0.0134149507181,0.0226367452929,0.0277418718876,0.0092122949059,0.0144327325138,0.00530576845841,0.00452484176874,0.00115321018078,0.000892536243586,-0.00415893142217,0.000720478769659
-7.27853634812e-06,-0.0594692920141,0.00176201215958,0.00360553394616,-0.0144391017334,0.0355893579901,0.056430156127,0.0709395917531,0.0793955789032,0.0207868725274,0.0352345154237,0.0437306136013,0.0144327325138,0.02309875608,0.00878382727943,0.00732003017814,0.00211159774391,0.00165729888278,-0.00635890884552,0.00132609808937
-3.02836504256e-06,-0.0161947545226,0.000926233935376,0.00159972658398,-0.00602785607552,0.0116021555072,0.0191056969846,0.0244304682976,0.0278644596455,0.00747896945448,0.0127884476064,0.0162230736226,0.00530576845841,0.00878382727943,0.00353278159418,0.00285167731916,0.000931539408834,0.0007415785122,-0.00225227041495,0.000583647635848
-1.48108282483e-05,-0.044151955703,-0.00699717498242,0.0112476453686,-0.00240631426053,0.0105932866752,0.0174876239876,0.0220618030072,0.024844574924,0.00690293640884,0.0114773017329,0.0142052580131,0.00452484176874,0.00732003017814,0.00285167731916,0.214007535858,-0.00238902801649,-0.00165300597452,-0.00679392089464,-0.00116359593449
-3.90235645935e-07,-0.00127070120852,-0.000597486700577,0.00141585757343,-0.0253897911543,0.00354133908441,0.00580382775954,0.00685840397248,0.0078262589456,0.00220721976571,0.00329008706728,0.00420011910346,0.00115321018078,0.00211159774391,0.000931539408834,-0.00238902801649,0.00505091435289,0.00431924314519,0.001383188322,0.00377740511349
-3.25137931288e-07,-0.00153400234175,-0.000579542722091,0.00111835377857,-0.0217838669896,0.00275407167749,0.004537184618,0.00534559251196,0.006119649952,0.00173573554252,0.00256890392274,0.00329288822072,0.000892536243586,0.00165729888278,0.0007415785122,-0.00165300597452,0.00431924314519,0.0037012254149,0.00123813485207,0.00323563186081
5.49646709708e-06,0.0255341593048,-0.00206994747558,-0.00281898796859,-0.00492965396846,-0.0109813750869,-0.0170681001336,-0.0212382127215,-0.0234038725272,-0.00603679859742,-0.0102264351999,-0.0124044149548,-0.00415893142217,-0.00635890884552,-0.00225227041495,-0.00679392089464,0.001383188322,0.00123813485207,0.0253430607004,0.00110115046318
-1.46450655244e-07,-0.00135567655231,-0.000561216118551,0.000996701864493,-0.018827107675,0.00248310761208,0.00400056323172,0.00464432001966,0.00525738874319,0.00147523261787,0.00214182774352,0.00271059176375,0.000720478769659,0.00132609808937,0.000583647635848,-0.00116359593449,0.00377740511349,0.00323563186081,0.00110115046318,0.00283791816375
#
9.91580614299e-10,6.58586661376e-06,-4.31961891004e-07,-3.06782852119e-06,-1.11974142293e-05,-1.03766912496e-06,-1.41759820226e-06,-1.32594728849e-06,-1.35782140607e-06,-3.53972219672e-07,-2.89400659888e-07,-2.87798451475e-07,1.10488841121e-07,7.00069629878e-08,-2.39566452101e-08,9.28585473931e-05,6.23059683809e-05,0.000103823228359,0.000109063034542,6.38531006604e-05
6.58586661376e-06,0.724049083181,0.0490407852702,-0.0437442941417,-0.28594260704,-0.0525490601201,-0.0698296823674,-0.0742362079148,-0.0810480631938,-0.0198246546089,-0.0221420177813,-0.0264022471617,-0.00133152186569,-0.00528301995151,-0.00281419352539,-5.06451946748,1.10059323991,2.39783858094,3.35162748425,0.824243768411
-4.31961891004e-07,0.0490407852702,0.0128541477951,-0.00404240053373,-0.0519634746555,0.00907769277738,0.0158696045602,0.0222462109965,0.0255250516223,0.00678407896814,0.0132132794002,0.0166929624418,0.00651402629007,0.010082433715,0.0035983024533,-0.194692068381,0.350191251838,0.478251378829,0.503098571551,0.396627167056
-3.06782852119e-06,-0.0437442941417,-0.00404240053373,0.0295030637866,0.0797630923102,0.0200360804762,0.0289368408805,0.0354239668531,0.0358173448596,0.00854486767212,0.0153956956348,0.015551288815,0.0064039243453,0.00686880149763,0.000630987489694,-0.735107098254,-0.237353870957,-0.674165560842,-0.717146816383,-0.464165297247
-1.11974142293e-05,-0.28594260704,-0.0519634746555,0.0797630923102,0.555022771656,0.014512163589,0.00727720289578,-0.0117531144872,-0.0238613286544,-0.00765357211725,-0.0263947821221,-0.0389658317706,-0.0203689874378,-0.0317768687331,-0.0124465215145,-1.8755153059,-4.10496193083,-4.48026002403,-4.40153923347,-2.47301868318
-1.03766912496e-06,-0.0525490601201,0.00907769277738,0.0200360804762,0.014512163589,0.145659258048,0.231684106895,0.29735561779,0.332984201859,0.0860515544526,0.151083711222,0.188222797036,0.0646733596803,0.1023051122,0.0377933480076,0.602506893217,1.20887928863,0.371004054395,0.0447843311468,0.805937286012
-1.41759820226e-06,-0.0698296823674,0.0158696045602,0.0289368408805,0.00727720289578,0.231684106895,0.371369602497,0.476546101848,0.534334497172,0.138219176403,0.242927651042,0.303179068836,0.104201399596,0.165175537366,0.0612805124015,0.99768165538,2.05807670131,0.720190892356,0.200980419896,1.33422211651
-1.32594728849e-06,-0.0742362079148,0.0222462109965,0.0354239668531,-0.0117531144872,0.29735561779,0.476546101848,0.614142472824,0.688120190913,0.178014622358,0.313695752807,0.391452115573,0.1350779124,0.21372549866,0.0791091555927,1.30526183879,2.81900647912,1.09014269076,0.423294090367,1.75827453537
-1.35782140607e-06,-0.0810480631938,0.0255250516223,0.0358173448596,-0.0238613286544,0.332984201859,0.534334497172,0.688120190913,0.77324582409,0.200025913814,0.352255991276,0.440380506926,0.151623526425,0.240671726569,0.0895710423522,1.62708669345,3.23166162861,1.30977188673,0.552374470661,2.01251656122
-3.53972219672e-07,-0.0198246546089,0.00678407896814,0.00854486767212,-0.00765357211725,0.0860515544526,0.138219176403,0.178014622358,0.200025913814,0.0518847596961,0.0912179200673,0.11418653026,0.0392360692103,0.0624419108589,0.0233324280668,0.432585343383,0.842452234533,0.352416495257,0.156941713566,0.535047065958
-2.89400659888e-07,-0.0221420177813,0.0132132794002,0.0153956956348,-0.0263947821221,0.151083711222,0.242927651042,0.313695752807,0.352255991276,0.0912179200673,0.161369475698,0.201551832269,0.0698596187593,0.1104916236,0.0409442339939,0.702708152032,1.59780145148,0.716466423013,0.377763316301,0.947281562687
-2.87798451475e-07,-0.0264022471617,0.0166929624418,0.015551288815,-0.0389658317706,0.188222797036,0.303179068836,0.391452115573,0.440380506926,0.11418653026,0.201551832269,0.252790449473,0.0871190559569,0.138642798726,0.0518784948104,1.00446571833,2.02243494551,0.948625505363,0.521017682771,1.22561015978
1.10488841121e-07,-0.00133152186569,0.00651402629007,0.0064039243453,-0.0203689874378,0.0646733596803,0.104201399596,0.1350779124,0.151623526425,0.0392360692103,0.0698596187593,0.0871190559569,0.0305686328634,0.0479498415857,0.0176025337161,0.284822985504,0.763218667479,0.376428849548,0.233474833167,0.414335565626
7.00069629878e-08,-0.00528301995151,0.010082433715,0.00686880149763,-0.0317768687331,0.1023051122,0.165175537366,0.21372549866,0.240671726569,0.0624419108589,0.1104916236,0.138642798726,0.0479498415857,0.0764713983981,0.0285966600564,0.554172948246,1.18074176365,0.60235076237,0.372476544512,0.705569793689
-2.39566452101e-08,-0.00281419352539,0.0035983024533,0.000630987489694,-0.0124465215145,0.0377933480076,0.0612805124015,0.0791091555927,0.0895710423522,0.0233324280668,0.0409442339939,0.0518784948104,0.0176025337161,0.0285966600564,0.0111946096135,0.277981069226,0.432851217184,0.231567557809,0.143229876151,0.272815495842
