# XDGMM Model
# n_components  n_iter  tol  method   random_state
6,100,1e-05,astroML,None
# labels
No labels
# weights
0.3996594092,0.0203823540051,0.150090195805,0.26031090859,0.047730833701,0.121826298699
# means
3.87892777053e-05,-0.0947370021184,-0.0243448935695,0.375288813282,0.189150305377,1.28347554477,1.92487457095,2.21729141327,2.49436866114,0.642214304418,0.935523246548,1.20936998124,0.292139804723,0.563848680321,0.272582546656,7.63842494403e-07,0.00248012183115,0.00268215302808,0.0151660113236,0.00160316157091
0.00114460997779,0.58879259575,0.0239359722201,0.0963819686857,-0.38326143146,1.11365358578,1.6502676173,1.87862759669,2.11381950153,0.535173058552,0.764438672426,0.999398456983,0.229289518845,0.463805214811,0.234941965011,9.37054108687,8.88873223088,8.48812484866,8.5236135143,7.85408311259
0.000192074344394,-0.185854604633,0.00155813949558,0.229519595982,-0.430709818702,1.41610328255,2.11405628519,2.43264491446,2.7301970911,0.697711813109,1.01602321715,1.31293176764,0.31868325035,0.61519612329,0.295736707701,0.212455071848,0.078798118494,0.065651720892,0.0162760776569,0.0523347178825
3.8948457197e-05,0.126679469249,0.0446255592105,0.298214953527,-0.12617271634,1.06931067169,1.62977694856,1.88082662544,2.15335212962,0.561751312036,0.812347394166,1.08213164729,0.249987841579,0.517765606075,0.267331213154,6.88252002381,6.48129190181,5.71506963008,4.62258169522,5.0246866367
2.39796196402e-05,0.233228766132,-0.0494808813327,0.41625703952,-0.135825664165,0.995190170452,1.49477639083,1.6690988765,1.893613491,0.496688817141,0.676188867739,0.897262167225,0.174699136592,0.394580516279,0.219276996353,16.111050745,7.14605372666,6.02247548795,3.98019540431,6.88004612082
0.000127745838426,0.415739811445,-0.00365207342657,0.189280938363,-0.120563288506,1.0514334918,1.57533816737,1.79217188145,2.03729016541,0.525465561332,0.740449538725,0.982524247308,0.214899919653,0.457026320285,0.240748161667,9.52020298867,6.29958687142,5.76810958742,5.07693549091,5.43087560575
# covars
8.61747426503e-10,-4.73875756726e-06,-3.07982019597e-08,-3.54019921918e-06,-1.22077270467e-06,5.06421285181e-07,5.32482899663e-07,2.2261759956e-07,2.82071045902e-07,1.96633063955e-08,-2.81237301282e-07,-2.57189915955e-07,-2.45687048098e-07,-2.22098798267e-07,-5.34423143412e-09,1.66957509835e-11,8.97413800202e-09,9.08487638099e-09,-1.32164450522e-07,5.69950768716e-09
-4.73875756726e-06,1.08578090057,0.0102690119986,0.0484248786629,0.0612713240385,-0.156863079125,-0.234516421311,-0.284729928185,-0.311011443206,-0.0784294335374,-0.127957825578,-0.153884494532,-0.0489227340867,-0.0757995041755,-0.0271246461139,-4.38254551324e-07,-0.000150354502806,-0.000169664796076,-0.000682356555829,-9.79869813458e-05
-3.07982019596e-08,0.0102690119986,0.0121061336774,-0.00565893487956,-0.00416711918493,0.00393605451586,0.00558624822485,0.0066297572081,0.00716018391482,0.001659357907,0.00260054310404,0.00326520726238,0.000940354135347,0.00163057947595,0.000653014817501,2.03979850765e-08,6.05968044115e-05,5.70004579507e-05,-0.000107692043288,3.85816269208e-05
-3.54019921918e-06,0.0484248786629,-0.00565893487956,0.0300292977252,0.0232630261916,-0.00622798335949,-0.00883032845733,-0.00862870282639,-0.0101617092775,-0.00277485942937,-0.00245344979773,-0.00384583986022,-1.0223200955e-05,-0.00140488832051,-0.00119195191497,-8.32776841266e-08,-0.000129840708376,-0.000135545533297,0.00093703613205,-8.37122963422e-05
-1.22077270467e-06,0.0612713240385,-0.00416711918493,0.0232630261916,0.17890016983,-0.0460348579025,-0.0663937686479,-0.0806055800389,-0.0872255491878,-0.0214585670248,-0.0346696097686,-0.0424176086731,-0.0130222404317,-0.020764561984,-0.00799772774212,-2.7982628698e-08,-0.000807857681518,-0.00085228900802,-0.000302229531068,-0.00052647830814
5.06421285181e-07,-0.156863079125,0.00393605451586,-0.00622798335949,-0.0460348579025,0.150212400255,0.227343910491,0.278843935837,0.307408297677,0.0778504137197,0.128704434317,0.157468058853,0.0501809780509,0.079536757251,0.0299650144043,-1.0300627637e-08,0.000206530480059,0.000203659779558,0.000889216799693,0.000135422191866
5.32482899663e-07,-0.234516421311,0.00558624822485,-0.00883032845733,-0.0663937686479,0.227343910491,0.348080287558,0.428710451967,0.474661234065,0.120987943449,0.20090719662,0.247107212923,0.0787814310385,0.125871167829,0.0480333880844,-1.54200419491e-08,0.00028989667202,0.000284895307739,0.00140041563631,0.000190440186055
2.2261759956e-07,-0.284729928185,0.0066297572081,-0.00862870282639,-0.0806055800389,0.278843935837,0.428710451967,0.531132315949,0.589157713897,0.150712089214,0.251335046448,0.310079721049,0.0990685485266,0.158900453542,0.0610281442664,-2.00054038306e-08,0.000338921151378,0.000332584076774,0.00185036516715,0.000222922132303
2.82071045902e-07,-0.311011443206,0.00716018391482,-0.0101617092775,-0.0872255491878,0.307408297677,0.474661234065,0.589157713897,0.655890787837,0.168228623816,0.281078303068,0.347766733386,0.111067942065,0.178943209008,0.0692003942359,-1.80598288476e-08,0.000361160933231,0.000353876366632,0.00204346720799,0.000237774790214
1.96633063955e-08,-0.0784294335374,0.001659357907,-0.00277485942937,-0.0214585670248,0.0778504137197,0.120987943449,0.150712089214,0.168228623816,0.043424477548,0.0726944782544,0.0902792242557,0.0288130819837,0.046696302158,0.0182207298064,-4.75087537096e-09,8.7262933972e-05,8.54180512847e-05,0.000518448243719,5.75620323713e-05
-2.81237301282e-07,-0.127957825578,0.00260054310404,-0.00245344979773,-0.0346696097686,0.128704434317,0.20090719662,0.251335046448,0.281078303068,0.0726944782544,0.12235935414,0.152248802842,0.048770329013,0.0791702726436,0.0309867498241,-9.75742152321e-09,0.000132272998931,0.000128915390162,0.000958590232349,8.74261007338e-05
-2.57189915955e-07,-0.153884494532,0.00326520726238,-0.00384583986022,-0.0424176086731,0.157468058853,0.247107212923,0.310079721049,0.347766733386,0.0902792242557,0.152248802842,0.19015830149,0.0608544775939,0.099322608127,0.0391882665375,-7.94055741146e-09,0.000158451598589,0.000154360611272,0.00116412629598,0.000104830864265
-2.45687048098e-07,-0.0489227340867,0.000940354135347,-1.02232009551e-05,-0.0130222404317,0.0501809780509,0.0787814310385,0.0990685485266,0.111067942065,0.0288130819837,0.048770329013,0.0608544775939,0.0195796616876,0.0318478551202,0.0125178898586,-4.5274507861e-09,4.53408430188e-05,4.38601354231e-05,0.000418809247903,3.0064114792e-05
-2.22098798267e-07,-0.0757995041755,0.00163057947595,-0.00140488832051,-0.020764561984,0.079536757251,0.125871167829,0.158900453542,0.178943209008,0.046696302158,0.0791702726436,0.099322608127,0.0318478551202,0.0523216389433,0.020825898247,-2.66548542534e-09,7.19528017388e-05,6.96726990986e-05,0.000628050407002,4.77551014421e-05
-5.34423143411e-09,-0.0271246461139,0.000653014817501,-0.00119195191497,-0.00799772774212,0.0299650144043,0.0480333880844,0.0610281442664,0.0692003942359,0.0182207298064,0.0309867498241,0.0391882665375,0.0125178898586,0.020825898247,0.00847303114494,1.18156236939e-09,2.68034373395e-05,2.60181520299e-05,0.000222032573756,1.78256978613e-05
1.66957509835e-11,-4.38254551324e-07,2.03979850765e-08,-8.32776841266e-08,-2.7982628698e-08,-1.0300627637e-08,-1.54200419491e-08,-2.00054038306e-08,-1.80598288476e-08,-4.75087537096e-09,-9.75742152321e-09,-7.94055741146e-09,-4.5274507861e-09,-2.66548542534e-09,1.18156236939e-09,2.92222716073e-11,1.99382433911e-10,1.98104222071e-10,-2.4369962739e-09,1.24181361613e-10
8.97413800202e-09,-0.000150354502806,6.05968044115e-05,-0.000129840708376,-0.000807857681518,0.000206530480059,0.00028989667202,0.000338921151378,0.000361160933231,8.7262933972e-05,0.000132272998931,0.000158451598589,4.53408430188e-05,7.19528017388e-05,2.68034373395e-05,1.99382433911e-10,5.69878542997e-06,5.84809004726e-06,-5.77193637422e-07,3.71313399267e-06
9.08487638099e-09,-0.000169664796076,5.70004579507e-05,-0.000135545533297,-0.00085228900802,0.000203659779558,0.000284895307739,0.000332584076774,0.000353876366632,8.54180512847e-05,0.000128915390162,0.000154360611272,4.38601354231e-05,6.96726990986e-05,2.60181520299e-05,1.98104222071e-10,5.84809004726e-06,6.01933641701e-06,-6.35937862458e-07,3.81238405307e-06
-1.32164450522e-07,-0.000682356555829,-0.000107692043288,0.00093703613205,-0.000302229531068,0.000889216799693,0.00140041563631,0.00185036516715,0.00204346720799,0.000518448243719,0.000958590232349,0.00116412629598,0.000418809247903,0.000628050407002,0.000222032573756,-2.4369962739e-09,-5.77193637421e-07,-6.35937862458e-07,0.00146801458381,-3.59460676762e-07
5.69950768716e-09,-9.79869813458e-05,3.85816269208e-05,-8.37122963422e-05,-0.00052647830814,0.000135422191866,0.000190440186055,0.000222922132303,0.000237774790214,5.75620323713e-05,8.74261007338e-05,0.000104830864265,3.0064114792e-05,4.77551014421e-05,1.78256978613e-05,1.24181361613e-10,3.71313399267e-06,3.81238405307e-06,-3.59460676762e-07,2.42134344633e-06
#
3.98948645003e-06,-0.000754822668918,-5.07894713501e-06,-5.18009470894e-05,0.000153283175277,2.15546543311e-05,1.75216856399e-06,-3.41390726338e-05,-5.47673258649e-05,-1.96405574623e-05,-5.5889504008e-05,-7.6538139795e-05,-3.64357400756e-05,-5.67273703415e-05,-2.06738831562e-05,-0.00413822568419,-0.00401549749701,-0.00387673247941,-0.00381993758121,-0.00368118504463
-0.000754822668918,1.3618920963,-0.0661583728594,0.0252639979445,-0.200550783099,-0.111382950211,-0.163113473833,-0.199562689707,-0.212017470029,-0.0533596128686,-0.0885230327188,-0.101444142729,-0.0348979504521,-0.0478895905004,-0.0129127600286,2.81581330532,3.123329564,3.06200525661,3.19626258786,2.97136755238
-5.07894713501e-06,-0.0661583728594,0.0228478850297,-0.00118352115838,-0.00502353330385,0.0159682042739,0.0254871068943,0.0323189322565,0.0362981095435,0.00986126122472,0.0164611145554,0.0205899473698,0.00658368842114,0.010712927402,0.00417708671694,0.0351053202834,0.0479904626024,0.0335445320295,0.0110175662864,0.0131067065223
-5.18009470894e-05,0.0252639979445,-0.00118352115838,0.00256600641364,-0.0156405893716,-0.00031933354029,-0.000655889507423,-0.000957659998311,-0.00099882868785,-0.00034111022231,-0.00061399270166,-0.000678100880869,-0.0002573113156,-0.000345066900152,-6.25016486896e-05,0.166289785776,0.171109769731,0.173206567436,0.175034980225,0.1759553528
0.000153283175277,-0.200550783099,-0.00502353330385,-0.0156405893716,0.258416173869,0.0547454155054,0.0847112243088,0.102941926426,0.115218537376,0.0298051713101,0.0479292422145,0.0605920963013,0.0181547102706,0.0310166474115,0.0126124565921,-3.00888783558,-3.02331245179,-3.07692096253,-3.15478391101,-3.03519598894
2.15546543311e-05,-0.111382950211,0.0159682042739,-0.00031933354029,0.0547454155054,0.0970514896947,0.144890594897,0.17438023539,0.190514500613,0.0485518018577,0.0776458439186,0.0941769619255,0.0292192080431,0.0457402401271,0.0165262896004,-0.705534613262,-0.815242437078,-0.856176682502,-0.936193678504,-0.829256825338
1.75216856398e-06,-0.163113473833,0.0254871068943,-0.000655889507423,0.0847112243088,0.144890594897,0.219870014307,0.26717048784,0.29435606972,0.0759159992729,0.122611266899,0.150334789069,0.0468544321868,0.074593594903,0.0277351140542,-1.0394681219,-1.21223800346,-1.28870623733,-1.41047780475,-1.25616120097
-3.41390726338e-05,-0.199562689707,0.0323189322565,-0.000957659998311,0.102941926426,0.17438023539,0.26717048784,0.326804637033,0.36170492159,0.0939233708749,0.152728394644,0.188263398647,0.0589741469502,0.0945469546404,0.0355610383468,-1.21178606679,-1.43208742879,-1.53431425646,-1.68235149756,-1.50136520518
-5.47673258649e-05,-0.212017470029,0.0362981095435,-0.00099882868785,0.115218537376,0.190514500613,0.29435606972,0.36170492159,0.402184851393,0.105027964462,0.17147649619,0.212546932541,0.0666164240791,0.107749835605,0.0411128672288,-1.33499319617,-1.57748850646,-1.70031215767,-1.86369627793,-1.66840999596
-1.96405574623e-05,-0.0533596128686,0.00986126122472,-0.00034111022231,0.0298051713101,0.0485518018577,0.0759159992729,0.0939233708749,0.105027964462,0.0276551409694,0.0454191972908,0.056669640784,0.0178006261316,0.0290757556185,0.011266865451,-0.332945610718,-0.396690849066,-0.432165115834,-0.474473528884,-0.426532862963
-5.5889504008e-05,-0.0885230327188,0.0164611145554,-0.00061399270166,0.0479292422145,0.0776458439186,0.122611266899,0.152728394644,0.17147649619,0.0454191972908,0.0751314288718,0.0940916149837,0.029755763397,0.0487641420689,0.0189923349474,-0.504187104455,-0.614784702853,-0.675756377647,-0.743972841012,-0.669626225546
-7.6538139795e-05,-0.101444142729,0.0205899473698,-0.000678100880869,0.0605920963013,0.0941769619255,0.150334789069,0.188263398647,0.212546932541,0.056669640784,0.0940916149837,0.118615152989,0.0374668284181,0.0620567499727,0.0245652272961,-0.63229607515,-0.764962996584,-0.846581002527,-0.930580971587,-0.84153048517
-3.64357400756e-05,-0.0348979504521,0.00658368842114,-0.0002573113156,0.0181547102706,0.0292192080431,0.0468544321868,0.0589741469502,0.0666164240791,0.0178006261316,0.029755763397,0.0374668284181,0.0119673814509,0.0196985439471,0.00772493386257,-0.172115921732,-0.218931103371,-0.244373826915,-0.270350321917,-0.24374282302
-5.67273703415e-05,-0.0478895905004,0.010712927402,-0.000345066900153,0.0310166474115,0.0457402401271,0.074593594903,0.0945469546404,0.107749835605,0.0290757556185,0.0487641420689,0.0620567499727,0.0196985439471,0.033042928675,0.0133229534495,-0.302056255413,-0.370961939183,-0.41723701043,-0.459041682036,-0.417797325557
-2.06738831562e-05,-0.0129127600286,0.00417708671694,-6.25016486897e-05,0.0126124565921,0.0165262896004,0.0277351140542,0.0355610383468,0.0411128672288,0.011266865451,0.0189923349474,0.0245652272961,0.00772493386257,0.0133229534495,0.00559420845097,-0.127502098996,-0.149446604175,-0.170201997157,-0.186023542306,-0.171389351782
-0.00413822568419,2.81581330532,0.0351053202834,0.166289785776,-3.00888783558,-0.705534613263,-1.0394681219,-1.21178606679,-1.33499319617,-0.332945610718,-0.504187104455,-0.63229607515,-0.172115921732,-0.302056255413,-0.127502098996,38.7943699861,38.3110435627,38.6907633373,39.6065000447,37.8124263211
-0.00401549749701,3.123329564,0.0479904626024,0.171109769731,-3.02331245179,-0.815242437078,-1.21223800346,-1.43208742879,-1.57748850646,-0.396690849066,-0.614784702853,-0.764962996584,-0.218931103371,-0.370961939183,-0.149446604175,38.3110435627,38.4078183173,38.811797793,39.7769376974,37.8944393501
-0.00387673247941,3.06200525661,0.0335445320295,0.173206567436,-3.07692096253,-0.856176682502,-1.28870623733,-1.53431425646,-1.70031215767,-0.432165115834,-0.675756377647,-0.846581002527,-0.244373826915,-0.41723701043,-0.170201997157,38.6907633373,38.811797793,39.3294262242,40.3490108507,38.4634476871
-0.00381993758121,3.19626258786,0.0110175662864,0.175034980225,-3.15478391101,-0.936193678504,-1.41047780475,-1.68235149756,-1.86369627793,-0.474473528884,-0.743972841012,-0.930580971587,-0.270350321917,-0.459041682036,-0.186023542306,39.6065000448,39.7769376974,40.3490108507,41.4832668228,39.484208114
-0.00368118504463,2.97136755238,0.0131067065223,0.1759553528,-3.03519598894,-0.829256825338,-1.25616120097,-1.50136520518,-1.66840999596,-0.426532862963,-0.669626225546,-0.84153048517,-0.24374282302,-0.417797325557,-0.171389351782,37.8124263211,37.8944393501,38.4634476871,39.484208114,37.7060937347
#
9.61784940366e-08,-1.41225407147e-05,1.80572630399e-07,-2.02316250643e-05,2.81125809156e-05,-6.10860161445e-06,-1.29689232969e-05,-1.80083912483e-05,-2.19625645061e-05,-6.82232880375e-06,-1.17975287384e-05,-1.57994470647e-05,-4.95316441512e-06,-8.88944473052e-06,-3.9300534488e-06,-2.64442029331e-05,-2.67059086985e-06,-2.17692078494e-06,1.0168146905e-05,-1.96290182697e-06
-1.41225407147e-05,0.967615316006,-0.0160466100371,0.0367012572617,-0.0224983898471,-0.134312469403,-0.195186362242,-0.233091064858,-0.24828154555,-0.0602499230196,-0.0984619777028,-0.113710730278,-0.0381173826594,-0.0535500230353,-0.0158846593851,-0.0273555023112,-0.000770840733292,-0.000845896919788,0.0666594859934,-0.00107386900761
1.80572630399e-07,-0.0160466100371,0.0148050548311,-0.00242251724906,-0.00651208663694,0.00648636714793,0.00994828813262,0.0123311618449,0.0139000648747,0.0034982560897,0.00588208230449,0.00742977146658,0.00237000433419,0.00390381685156,0.00155569523972,-0.00267510279676,0.000323081943739,0.000218108368641,-0.00163424824002,0.000187878018939
-2.02316250643e-05,0.0367012572617,-0.00242251724906,0.0154065266226,-0.0232024255291,0.00402175656898,0.00819733808899,0.0110245763325,0.0131854064735,0.0041345843163,0.00691236042868,0.00914724532362,0.00278142513611,0.0049720253611,0.00215758645166,0.0123619738499,0.001848081852,0.00139329294361,-0.00459767344776,0.00116544083971
2.81125809156e-05,-0.0224983898471,-0.00651208663694,-0.0232024255291,0.258681282634,-0.0485729380044,-0.0770891597666,-0.0934419361336,-0.104344469237,-0.0280872509326,-0.0446172158497,-0.0555131561988,-0.0167135670091,-0.0275412510249,-0.0108652837802,-0.0268399725435,-0.028185880111,-0.0232710321652,0.00188641436754,-0.0186275332968
-6.10860161445e-06,-0.134312469403,0.00648636714793,0.00402175656898,-0.0485729380044,0.0927556927441,0.136067717468,0.16382761871,0.176690849738,0.0433721959985,0.0709621232211,0.0840923963856,0.0274860824747,0.0406339609286,0.0133645699698,0.0108337774553,0.00249985939482,0.0017503613601,-0.0165873131028,0.00153078209455
-1.29689232969e-05,-0.195186362242,0.00994828813262,0.00819733808899,-0.0770891597666,0.136067717468,0.202362704738,0.245301298392,0.266347260279,0.0661961762111,0.108951055186,0.130404939904,0.0425898014739,0.0640503694212,0.021793600151,0.0168034187635,0.00477468667768,0.00342160154017,-0.0264648038878,0.00293868620751
-1.80083912483e-05,-0.233091064858,0.0123311618449,0.0110245763325,-0.0934419361336,0.16382761871,0.245301298392,0.298939145092,0.325658759299,0.0814278234048,0.134689008098,0.161995602166,0.0530343947154,0.0803409086999,0.0277253610602,0.0205623991288,0.00591299652795,0.00420762273726,-0.0334134992794,0.00362073043907
-2.19625645061e-05,-0.24828154555,0.0139000648747,0.0131854064735,-0.104344469237,0.176690849738,0.266347260279,0.325658759299,0.356169202362,0.0895873669933,0.148565611309,0.179575149676,0.0587277736203,0.0897223655056,0.0314564277578,0.0223814409607,0.00714471810188,0.00512875998129,-0.0372230581857,0.00438133745298
-6.82232880375e-06,-0.0602499230196,0.0034982560897,0.0041345843163,-0.0280872509326,0.0433721959985,0.0661961762111,0.0814278234048,0.0895873669933,0.0227969635673,0.0379474028411,0.0462493008168,0.0150905406195,0.0233817894434,0.00840780752528,0.00589576833596,0.00218621343686,0.0015973630959,-0.00982474207004,0.001348930146
-1.17975287384e-05,-0.0984619777028,0.00588208230449,0.00691236042868,-0.0446172158497,0.0709621232211,0.108951055186,0.134689008098,0.148565611309,0.0379474028411,0.0635455659563,0.0776750661349,0.0254730573541,0.0395874811986,0.0143162521052,0.00962637725979,0.00338457148879,0.0024348386711,-0.0167436697472,0.00207138783528
-1.57994470647e-05,-0.113710730278,0.00742977146658,0.00914724532362,-0.0555131561988,0.0840923963856,0.130404939904,0.161995602166,0.179575149676,0.0462493008168,0.0776750661349,0.0955650315948,0.0312775446499,0.0491296521177,0.0180979864313,0.0115435495614,0.00457657535341,0.00332084725849,-0.0206409248227,0.002805066962
-4.95316441512e-06,-0.0381173826594,0.00237000433419,0.00278142513611,-0.0167135670091,0.0274860824747,0.0425898014739,0.0530343947154,0.0587277736203,0.0150905406195,0.0254730573541,0.0312775446499,0.0103257702102,0.0161213598851,0.00588167356247,0.00367988562311,0.00124633510451,0.000878405059307,-0.00686761951357,0.000754392786945
-8.88944473052e-06,-0.0535500230353,0.00390381685156,0.0049720253611,-0.0275412510249,0.0406339609286,0.0640503694212,0.0803409086999,0.0897223655056,0.0233817894434,0.0395874811986,0.0491296521177,0.0161213598851,0.0256470394098,0.00964947133168,0.0056033091666,0.00243878344086,0.00176547083394,-0.010745545797,0.00148891925767
-3.9300534488e-06,-0.0158846593851,0.00155569523972,0.00215758645166,-0.0108652837802,0.0133645699698,0.021793600151,0.0277253610602,0.0314564277578,0.00840780752528,0.0143162521052,0.0180979864313,0.00588167356247,0.00964947133168,0.00381776388037,0.00193891587551,0.00117888283982,0.000874916775691,-0.00393404281235,0.000725344575864
-2.64442029331e-05,-0.0273555023112,-0.00267510279676,0.0123619738499,-0.0268399725435,0.0108337774553,0.0168034187635,0.0205623991288,0.0223814409607,0.00589576833596,0.00962637725979,0.0115435495614,0.00367988562311,0.0056033091666,0.00193891587551,0.19101553079,-0.000469019706223,-0.000447526131514,-0.00897513939408,0.000175600931835
-2.67059086985e-06,-0.000770840733292,0.000323081943739,0.001848081852,-0.028185880111,0.00249985939482,0.00477468667768,0.00591299652795,0.00714471810188,0.00218621343686,0.00338457148879,0.00457657535341,0.00124633510451,0.00243878344086,0.00117888283982,-0.000469019706223,0.00737329322681,0.00612840466789,0.0024988291546,0.00487081328711
-2.17692078493e-06,-0.000845896919788,0.000218108368641,0.00139329294361,-0.0232710321652,0.0017503613601,0.00342160154017,0.00420762273726,0.00512875998129,0.0015973630959,0.0024348386711,0.00332084725849,0.000878405059307,0.00176547083393,0.00087491677569,-0.000447526131514,0.00612840466789,0.00509889220414,0.00218989710888,0.00405210977594
1.0168146905e-05,0.0666594859934,-0.00163424824002,-0.00459767344776,0.00188641436754,-0.0165873131028,-0.0264648038878,-0.0334134992794,-0.0372230581857,-0.00982474207004,-0.0167436697472,-0.0206409248227,-0.00686761951357,-0.010745545797,-0.00393404281235,-0.00897513939408,0.0024988291546,0.00218989710888,0.032911152997,0.00166196663363
-1.96290182697e-06,-0.00107386900761,0.000187878018939,0.00116544083971,-0.0186275332968,0.00153078209455,0.00293868620751,0.00362073043907,0.00438133745298,0.001348930146,0.00207138783528,0.002805066962,0.000754392786945,0.00148891925767,0.000725344575864,0.000175600931835,0.00487081328711,0.00405210977594,0.00166196663363,0.00322269781077
#
2.54477811191e-10,-1.59480694336e-06,-4.58824640753e-07,-5.03958603965e-07,-1.38101327403e-07,3.03130873452e-07,3.51776523935e-07,3.29628953497e-07,2.72325062055e-07,5.5083052095e-08,1.60982783177e-08,-2.51622536446e-08,-3.63915805713e-08,-7.41115221163e-08,-3.433929618e-08,4.11605062713e-06,1.38658556841e-06,1.71266484874e-06,2.5452993477e-06,1.93428759334e-06
-1.59480694336e-06,1.10238864611,0.036957394627,0.00993603603414,-0.0421915962931,-0.0607335768844,-0.0876397748054,-0.101284549422,-0.107930778828,-0.0269118439575,-0.0408060217016,-0.0476530228679,-0.01394702503,-0.0209093301329,-0.00717469138185,0.121005644378,0.546852741144,0.499946735899,0.456779573941,0.470024141896
-4.58824640753e-07,0.036957394627,0.0253000509277,-0.0084041265715,-0.00678325736129,-0.000136345369729,-0.00137181483288,-0.00237686824511,-0.00346166636733,-0.0013119474721,-0.00232068509423,-0.00344588759508,-0.000927693365289,-0.00192769652913,-0.00104465651341,0.122702471007,0.0910858192672,0.0851749620136,0.0840393520197,0.0914615292355
-5.03958603965e-07,0.00993603603414,-0.0084041265715,0.00540717835735,0.00189832330226,0.000193030807441,0.0013188875835,0.00229690343286,0.00333969628573,0.00115823338196,0.00217091498718,0.00316142919119,0.000968679313746,0.00188872994419,0.000925009480865,-0.0644884366551,-0.0251313525146,-0.0237484790989,-0.0276644199918,-0.0284610086768
-1.38101327403e-07,-0.0421915962931,-0.00678325736129,0.00189832330226,0.103652498308,0.0032649986157,0.00351463196994,0.00465807867596,0.00390737744518,0.000382896240633,0.00136899142878,0.00139695515968,0.000920838158062,0.000905157434513,9.07029342223e-05,-1.45500015574,-1.51078725741,-1.37148410411,-1.06916251387,-1.25867440104
3.03130873452e-07,-0.0607335768844,-0.000136345369729,0.000193030807441,0.0032649986157,0.0499192734268,0.0795594400129,0.0995112601073,0.112590782811,0.0303492639994,0.0500628419506,0.0631094619481,0.0195699253621,0.0325388522388,0.0130738817699,-0.0574301374525,-0.00678718141459,-0.0244590775367,-0.0320336103525,-0.0569343938474
3.51776523935e-07,-0.0876397748054,-0.00137181483288,0.0013188875835,0.00351463196994,0.0795594400129,0.129862599507,0.163990131346,0.186925918515,0.0507418342661,0.0847114968907,0.107581424548,0.0336571623344,0.0563726559061,0.0229163329201,-0.0985578481321,0.013517307915,-0.0169291666612,-0.0397557052727,-0.0757561373708
3.29628953497e-07,-0.101284549422,-0.00237686824511,0.00229690343286,0.00465807867596,0.0995112601073,0.163990131346,0.209804264042,0.240063046351,0.0654624655925,0.11033868,0.140825359428,0.0443959286515,0.0746695651301,0.0305590108424,-0.148254699104,0.0129076859494,-0.0253374786886,-0.0581008431523,-0.104000140575
2.72325062055e-07,-0.107930778828,-0.00346166636733,0.00333969628573,0.00390737744518,0.112590782811,0.186925918515,0.240063046351,0.276345204137,0.0754903762369,0.127859503747,0.163713807952,0.0517721498273,0.0873638100142,0.0359363466381,-0.173130509579,0.0335053215653,-0.0109990339053,-0.0559369836435,-0.104434566975
5.5083052095e-08,-0.0269118439575,-0.0013119474721,0.00115823338196,0.000382896240633,0.0303492639994,0.0507418342661,0.0654624655925,0.0754903762369,0.0207397170202,0.0352221317976,0.0452200886952,0.0143306504951,0.0242521095874,0.0100186565206,-0.0457810957652,0.0185401769758,0.00585879371657,-0.00928219102697,-0.0207668527882
1.60982783177e-08,-0.0408060217016,-0.00232068509423,0.00217091498718,0.00136899142878,0.0500628419506,0.0847114968907,0.11033868,0.127859503747,0.0352221317976,0.0604753166844,0.0779371446247,0.0248944272686,0.04224280495,0.0175310442878,-0.0911843028032,0.0202036468148,-0.000498445570157,-0.0259208905781,-0.0469129123719
-2.51622536446e-08,-0.0476530228679,-0.00344588759508,0.00316142919119,0.00139695515968,0.0631094619481,0.107581424548,0.140825359428,0.163713807952,0.0452200886952,0.0779371446247,0.100841758791,0.0322630037736,0.0549220093993,0.0229004691011,-0.126401522104,0.029436289204,0.00352174053234,-0.0317135500606,-0.0567357703801
-3.63915805713e-08,-0.01394702503,-0.000927693365289,0.000968679313746,0.000920838158062,0.0195699253621,0.0336571623344,0.0443959286515,0.0517721498273,0.0143306504951,0.0248944272686,0.0322630037736,0.0104193610426,0.0177165116991,0.0073936355368,-0.0439087444955,0.00243708979179,-0.00553580697847,-0.0157028294731,-0.024980857234
-7.41115221163e-08,-0.0209093301329,-0.00192769652913,0.00188872994419,0.000905157434513,0.0325388522388,0.0563726559061,0.0746695651301,0.0873638100142,0.0242521095874,0.04224280495,0.0549220093993,0.0177165116991,0.0303428827903,0.0127169689588,-0.0772392714673,0.0122397992236,-0.000997108324927,-0.0209227271755,-0.0341854056265
-3.433929618e-08,-0.00717469138185,-0.00104465651341,0.000925009480865,9.07029342222e-05,0.0130738817699,0.0229163329201,0.0305590108424,0.0359363466381,0.0100186565206,0.0175310442878,0.0229004691011,0.0073936355368,0.0127169689588,0.00543401277568,-0.0345477722402,0.0083925418516,0.00317314436368,-0.0064164536437,-0.0106915629896
4.11605062713e-06,0.121005644378,0.122702471007,-0.0644884366551,-1.45500015574,-0.0574301374525,-0.0985578481321,-0.148254699104,-0.173130509579,-0.0457810957652,-0.0911843028032,-0.126401522104,-0.0439087444955,-0.0772392714673,-0.0345477722402,31.540088113,21.9823141823,19.5102805668,15.2810149776,17.6749756616
1.38658556841e-06,0.546852741144,0.0910858192672,-0.0251313525146,-1.51078725741,-0.00678718141459,0.013517307915,0.0129076859494,0.0335053215653,0.0185401769758,0.0202036468148,0.029436289204,0.00243708979179,0.0122397992236,0.0083925418516,21.9823141823,22.1962639398,20.0651312722,15.6051070313,18.3516853814
1.71266484874e-06,0.499946735899,0.0851749620136,-0.0237484790989,-1.37148410411,-0.0244590775367,-0.0169291666612,-0.0253374786886,-0.0109990339053,0.00585879371657,-0.000498445570157,0.00352174053234,-0.00553580697847,-0.000997108324927,0.00317314436368,19.5102805668,20.0651312722,18.2034722173,14.1708768093,16.7032643664
2.5452993477e-06,0.456779573941,0.0840393520197,-0.0276644199918,-1.06916251387,-0.0320336103525,-0.0397557052727,-0.0581008431523,-0.0559369836435,-0.00928219102697,-0.0259208905781,-0.0317135500606,-0.0157028294731,-0.0209227271755,-0.0064164536437,15.2810149776,15.6051070313,14.1708768093,11.1065189508,13.0434514064
1.93428759334e-06,0.470024141896,0.0914615292355,-0.0284610086768,-1.25867440104,-0.0569343938474,-0.0757561373708,-0.104000140575,-0.104434566975,-0.0207668527882,-0.0469129123719,-0.0567357703801,-0.024980857234,-0.0341854056265,-0.0106915629896,17.6749756616,18.3516853814,16.7032643664,13.0434514064,15.4680686577
#
7.8207819028e-11,3.12251249262e-07,2.89511973813e-08,-6.20483425579e-07,-4.35504158287e-07,-5.92372262552e-07,-1.02349861802e-06,-1.29985387306e-06,-1.46012689582e-06,-4.29274486924e-07,-7.07830800859e-07,-8.72714819354e-07,-2.80120515423e-07,-4.74431596437e-07,-1.45501227625e-07,2.85616717911e-05,-1.49062734305e-06,7.62066046188e-06,4.56576778998e-06,-6.21438354486e-06
3.12251249262e-07,0.380161450847,0.0172547797657,-0.00418548878148,0.138369207305,-0.116476816829,-0.185968010368,-0.235018561818,-0.261316920464,-0.0692847064698,-0.115744912855,-0.144234854644,-0.0467237647248,-0.0749233682841,-0.0276637990332,-1.43317726038,-1.85533052471,-2.02671339224,-0.850506047585,-2.16326821113
2.89511973813e-08,0.0172547797657,0.00490963398655,-0.0017193751839,0.00710458781945,-0.00422876269883,-0.00794983164311,-0.0104390218792,-0.0120018209226,-0.0032518935309,-0.00601814142335,-0.00771515045853,-0.00257864650282,-0.00414675768554,-0.00160348189831,0.288028257869,-0.0151089218349,-0.0987252940199,-0.0414388578965,-0.0516331119774
-6.20483425579e-07,-0.00418548878148,-0.0017193751839,0.0064889578369,0.00417372969604,0.00332052251586,0.00613138028741,0.00804467242507,0.00896845286297,0.00256780895738,0.00469951343766,0.00561063183296,0.00198603437191,0.00307356160144,0.000773549612602,-0.311703859832,0.0688316982149,-0.0596458522995,-0.0425690051261,0.0076003164483
-4.35504158287e-07,0.138369207305,0.00710458781945,0.00417372969604,0.109664307523,-0.032694412048,-0.046893308267,-0.0536593169733,-0.0566312320541,-0.0132928799463,-0.0194354534967,-0.0231940964145,-0.00683089161579,-0.00968169771002,-0.00333758009694,-0.473726226685,-1.4736766847,-1.40687585946,-0.662232633789,-0.789948339067
-5.92372262552e-07,-0.116476816829,-0.00422876269883,0.00332052251586,-0.032694412048,0.0585441929209,0.0995705854675,0.132496135449,0.151829851715,0.0417930596559,0.0735599501194,0.0943408549705,0.0316014265515,0.0526193945184,0.0204976880473,0.753012181218,0.404371572205,0.467733397895,0.116597956729,0.477354417602
-1.02349861802e-06,-0.185968010368,-0.00794983164311,0.00613138028741,-0.046893308267,0.0995705854675,0.17583466774,0.236150704977,0.272454029143,0.0755443110314,0.134722164671,0.17373867631,0.0586218129651,0.0980164838696,0.0385268475402,1.20929791472,0.538435036525,0.666939257864,0.115363375447,0.646924924423
-1.29985387306e-06,-0.235018561818,-0.0104390218792,0.00804467242507,-0.0536593169733,0.132496135449,0.236150704977,0.321984296141,0.372081401234,0.103520648603,0.186306324384,0.240921124597,0.0817775303029,0.136932554159,0.0540144715155,1.65714491546,0.605101266902,0.766153882322,0.0747990108622,0.68848293216
-1.46012689582e-06,-0.261316920464,-0.0120018209226,0.00896845286297,-0.0566312320541,0.151829851715,0.272454029143,0.372081401234,0.432575017043,0.120380665588,0.217380934312,0.281630688531,0.0957395212502,0.160579705595,0.0635748958995,1.89222480401,0.604626752632,0.807068121427,0.0427553178437,0.698149545117
-4.29274486924e-07,-0.0692847064698,-0.0032518935309,0.00256780895738,-0.0132928799463,0.0417930596559,0.0755443110314,0.103520648603,0.120380665588,0.033836628858,0.0609704495131,0.0790930198759,0.0269007453305,0.0452170693476,0.0179390075233,0.495882008313,0.118597082669,0.189569778507,-0.00455856585516,0.178480765648
-7.07830800859e-07,-0.115744912855,-0.00601814142335,0.00469951343766,-0.0194354534967,0.0735599501194,0.134722164671,0.186306324384,0.217380934312,0.0609704495131,0.11152453415,0.144810985713,0.0495865036803,0.083333804859,0.0331465210476,0.893593718531,0.177228933651,0.278367360625,-0.0490778229325,0.2005771594
-8.72714819354e-07,-0.144234854644,-0.00771515045853,0.00561063183296,-0.0231940964145,0.0943408549705,0.17373867631,0.240921124597,0.281630688531,0.0790930198759,0.144810985713,0.188906809859,0.0646142712403,0.108781951477,0.0434160851795,1.1429945021,0.184739966759,0.328508599938,-0.0804497837935,0.214345809735
-2.80120515423e-07,-0.0467237647248,-0.00257864650282,0.00198603437191,-0.00683089161579,0.0316014265515,0.0586218129651,0.0817775303029,0.0957395212502,0.0269007453305,0.0495865036803,0.0646142712403,0.0223327262517,0.0374191508522,0.01492774383,0.402009998402,0.0644325302088,0.0970299995979,-0.0380013502614,0.0365426310673
-4.74431596437e-07,-0.0749233682841,-0.00414675768554,0.00307356160144,-0.00968169771002,0.0526193945184,0.0980164838696,0.136932554159,0.160579705595,0.0452170693476,0.083333804859,0.108781951477,0.0374191508522,0.0633340308505,0.0252656433969,0.649987372928,0.0609702179602,0.135605077843,-0.0750736259308,0.0535075768598
-1.45501227625e-07,-0.0276637990332,-0.00160348189831,0.000773549612602,-0.00333758009694,0.0204976880473,0.0385268475402,0.0540144715155,0.0635748958995,0.0179390075233,0.0331465210476,0.0434160851795,0.01492774383,0.0252656433969,0.0104433603258,0.264765704726,0.0042801035704,0.0455541586952,-0.0338794123213,0.0043116922777
2.85616717911e-05,-1.43317726038,0.288028257869,-0.311703859832,-0.473726226685,0.753012181218,1.20929791472,1.65714491546,1.89222480401,0.495882008313,0.893593718531,1.1429945021,0.402009998402,0.649987372928,0.264765704726,73.9808651028,15.0218846348,8.97010984662,1.33071887824,-5.57608113541
-1.49062734305e-06,-1.85533052471,-0.0151089218349,0.0688316982149,-1.4736766847,0.404371572205,0.538435036525,0.605101266902,0.604626752632,0.118597082669,0.177228933651,0.184739966759,0.0644325302088,0.0609702179602,0.0042801035704,15.0218846348,34.5070506529,19.2966065583,8.01319536061,7.38045894224
7.62066046188e-06,-2.02671339224,-0.0987252940199,-0.0596458522995,-1.40687585946,0.467733397895,0.666939257864,0.766153882322,0.807068121427,0.189569778507,0.278367360625,0.328508599938,0.0970299995979,0.135605077843,0.0455541586952,8.97010984662,19.2966065583,18.7460607234,8.75195523315,11.3526141207
4.56576778998e-06,-0.850506047585,-0.0414388578965,-0.0425690051261,-0.662232633789,0.116597956729,0.115363375447,0.0747990108622,0.0427553178437,-0.00455856585516,-0.0490778229325,-0.0804497837935,-0.0380013502614,-0.0750736259308,-0.0338794123213,1.33071887824,8.01319536061,8.75195523315,4.63117184333,6.73109885723
-6.21438354486e-06,-2.16326821113,-0.0516331119774,0.0076003164483,-0.789948339067,0.477354417602,0.646924924423,0.68848293216,0.698149545117,0.178480765648,0.2005771594,0.214345809735,0.0365426310673,0.0535075768598,0.0043116922777,-5.57608113541,7.38045894224,11.3526141207,6.73109885723,25.3441614936
#
5.50032456967e-09,-2.93099826993e-06,-4.46212071994e-07,-2.2176707213e-06,1.33999614258e-07,1.87826793634e-06,2.07972784028e-06,2.30561677506e-06,1.95301996304e-06,1.92319111213e-07,4.01060922488e-07,1.6551184328e-07,1.89143827628e-07,-2.10378270493e-08,-1.88352177537e-07,-8.82909040336e-05,4.21505854208e-06,-7.12627141802e-06,4.42195564942e-07,-1.79094599298e-05
-2.93099826993e-06,0.497031411661,0.010451718329,0.00323515666587,0.00925617755216,-0.0243667325516,-0.0364954768589,-0.0448135110451,-0.0480322736645,-0.0119678434166,-0.0203430128538,-0.0249154268907,-0.00821636821957,-0.013048649066,-0.00505131943428,0.450653444901,-0.149829853758,-0.0926827359612,-0.0376044177709,-0.041061262095
-4.46212071994e-07,0.010451718329,0.00953667534679,-0.00208873693845,-0.00573548204407,0.00227140483785,0.00351781243197,0.00482233596815,0.00514986567851,0.00119452077403,0.00257019570441,0.00309485158899,0.00135187009345,0.0019057554451,0.000613635539098,0.0622246165864,0.0881239261596,0.0831634307469,0.0728898125433,0.077260598333
-2.2176707213e-06,0.00323515666587,-0.00208873693845,0.00172863534628,0.00203011954283,-0.00016880462293,0.000378352363482,0.000593306716037,0.00119458946448,0.000572824306463,0.000778010461064,0.00125038166126,0.000224337529924,0.00066594792779,0.000418692096739,0.051613397832,-0.0356544352695,-0.0264728683878,-0.0277506311343,-0.0192182077051
1.33999614258e-07,0.00925617755216,-0.00573548204407,0.00203011954283,0.0843461127445,0.0149745757265,0.0278300912988,0.0358639521608,0.0435816450031,0.0126872629544,0.0210921865583,0.02829347594,0.00854082038007,0.0155420899853,0.00709376251065,-1.21361573719,-1.19651458376,-1.1321943778,-1.0380726994,-1.13091541835
1.87826793634e-06,-0.0243667325516,0.00227140483785,-0.00016880462293,0.0149745757265,0.0608986225568,0.0976711386405,0.12202543614,0.139397865193,0.0368643028162,0.0615185591709,0.0791937358362,0.0247531644703,0.0422257155781,0.0176565066191,-0.00488923765711,-0.18019189145,-0.20265532769,-0.198530316126,-0.239057859265
2.07972784028e-06,-0.0364954768589,0.00351781243197,0.000378352363482,0.0278300912988,0.0976711386405,0.159824567903,0.201788555815,0.232000249146,0.0618990087141,0.104511985327,0.135085571255,0.0427534686901,0.0729338377326,0.0305097138047,0.0549347910988,-0.353655817874,-0.376453931313,-0.366676908132,-0.432203770938
2.30561677506e-06,-0.0448135110451,0.00482233596815,0.000593306716037,0.0358639521608,0.12202543614,0.201788555815,0.257670443266,0.297224283855,0.0797150193688,0.13600027133,0.176112696018,0.0564267377964,0.0959919063837,0.0400204541974,0.152997485277,-0.464983492408,-0.484410409872,-0.471679449144,-0.553023990379
1.95301996304e-06,-0.0480322736645,0.00514986567851,0.00119458946448,0.0435816450031,0.139397865193,0.232000249146,0.297224283855,0.344204283257,0.0925734782299,0.158455529851,0.205579063661,0.066037393067,0.112493847351,0.0469906421362,0.192267004975,-0.573973379658,-0.588533469829,-0.572034598489,-0.665059341462
1.92319111213e-07,-0.0119678434166,0.00119452077403,0.000572824306463,0.0126872629544,0.0368643028162,0.0618990087141,0.0797150193688,0.0925734782299,0.0250487246003,0.0430282869907,0.0559439134634,0.0180303421145,0.0307548421457,0.012869490871,0.0658469814573,-0.17144282295,-0.171623289411,-0.166152277895,-0.19087762996
4.01060922488e-07,-0.0203430128538,0.00257019570441,0.000778010461064,0.0210921865583,0.0615185591709,0.104511985327,0.13600027133,0.158455529851,0.0430282869907,0.0748092853315,0.0973340283619,0.0318133799812,0.0540022483632,0.0224621606991,0.157917325339,-0.287788024669,-0.284525176093,-0.275765773829,-0.316829804479
1.6551184328e-07,-0.0249154268907,0.00309485158899,0.00125038166126,0.02829347594,0.0791937358362,0.135085571255,0.176112696018,0.205579063661,0.0559439134634,0.0973340283619,0.126903073611,0.0414456091751,0.0705183567619,0.0294262007963,0.196930090946,-0.388146632181,-0.381407219092,-0.369648836908,-0.422268477106
1.89143827628e-07,-0.00821636821957,0.00135187009345,0.000224337529924,0.00854082038007,0.0247531644703,0.0427534686901,0.0564267377964,0.066037393067,0.0180303421145,0.0318133799812,0.0414456091751,0.0137949759262,0.023264101427,0.00960395525726,0.0926203531984,-0.118664462544,-0.114959132547,-0.111266880352,-0.127965988292
-2.10378270493e-08,-0.013048649066,0.0019057554451,0.00066594792779,0.0155420899853,0.0422257155781,0.0729338377326,0.0959919063837,0.112493847351,0.0307548421457,0.0540022483632,0.0705183567619,0.023264101427,0.0395424822051,0.0164546595797,0.131720974451,-0.216083513683,-0.209162489705,-0.202570660858,-0.230693889342
-1.88352177537e-07,-0.00505131943428,0.000613635539098,0.000418692096739,0.00709376251065,0.0176565066191,0.0305097138047,0.0400204541974,0.0469906421362,0.012869490871,0.0224621606991,0.0294262007963,0.00960395525726,0.0164546595797,0.00696221930728,0.0373669348236,-0.0983929975407,-0.0952555227929,-0.0924708933204,-0.103950303087
